Year,Month,DayofMonth,DayofWeek,ActualDepTime,ScheduledDepTime,ActualArrTime,ScheduledArrTime,Carrier,FlightNum,TailNum,ActualTotalTime,ScheduledTotalTime,AirTime,ArrDelay,DepDelay,Origin,Dest,Distance,TaxiIn,TaxiOut,Cancelled,CancellationCode,Diverted,Unknown,Unknown,Unknown,Unknown,Unknown2008,1,6,7,1050,1050,1211,1210,WN,680,N283WN,81,80,65,1,0,LAX,SFO,337,6,10,0,,0,NA,NA,NA,NA,NA2008,1,6,7,1244,1245,1405,1405,WN,776,N720WN,81,80,68,0,-1,LAX,SFO,337,3,10,0,,0,NA,NA,NA,NA,NA2008,1,6,7,1547,1455,1655,1600,WN,173,N350SW,68,65,58,55,52,LAX,SJC,308,4,6,0,,0,21,0,3,0,312008,1,6,7,1601,1525,1711,1630,WN,232,N642WN,70,65,59,41,36,LAX,SJC,308,3,8,0,,0,7,0,5,0,292008,1,6,7,2046,2000,2156,2105,WN,343,N360SW,70,65,59,51,46,LAX,SJC,308,5,6,0,,0,0,0,22,0,292008,1,6,7,1137,1130,1241,1235,WN,769,N242WN,64,65,53,6,7,LAX,SJC,308,4,7,0,,0,NA,NA,NA,NA,NA2008,1,6,7,2121,2035,2238,2140,WN,1113,N413WN,77,65,61,58,46,LAX,SJC,308,5,11,0,,0,23,0,12,0,232008,1,6,7,1506,1425,1610,1530,WN,1609,N781WN,64,65,53,40,41,LAX,SJC,308,4,7,0,,0,18,0,0,0,222008,1,6,7,910,910,1022,1015,WN,1764,N642WN,72,65,56,7,0,LAX,SJC,308,4,12,0,,0,NA,NA,NA,NA,NA2008,1,6,7,1925,1825,2044,1930,WN,2359,N476WN,79,65,68,74,60,LAX,SJC,308,4,7,0,,0,16,0,14,0,442008,1,6,7,2108,1930,2232,2035,WN,2528,N459WN,84,65,59,117,98,LAX,SJC,308,13,12,0,,0,16,0,19,0,822008,1,6,7,1303,1240,1419,1350,WN,2820,N669SW,76,70,60,29,23,LAX,SJC,308,5,11,0,,0,6,0,6,0,172008,1,6,7,1000,1000,1107,1105,WN,2969,N643SW,67,65,56,2,0,LAX,SJC,308,4,7,0,,0,NA,NA,NA,NA,NA2008,1,6,7,1808,1700,1918,1805,WN,3149,N205WN,70,65,56,73,68,LAX,SJC,308,6,8,0,,0,22,0,5,0,462008,1,6,7,1412,1330,1647,1615,WN,554,N209WN,95,105,82,32,42,LAX,SLC,590,3,10,0,,0,27,0,0,0,52008,1,6,7,1203,1045,1437,1330,WN,963,N380SW,94,105,85,67,78,LAX,SLC,590,4,5,0,,0,0,0,67,0,02008,1,6,7,2101,2010,2340,2255,WN,1485,N253WN,99,105,82,45,51,LAX,SLC,590,10,7,0,,0,45,0,0,0,02008,1,6,7,1732,1650,2006,1935,WN,2899,N242WN,94,105,80,31,42,LAX,SLC,590,5,9,0,,0,24,0,0,0,72008,1,6,7,1118,1100,1237,1220,WN,92,N495WN,79,80,64,17,18,LAX,SMF,373,4,11,0,,0,0,0,0,10,72008,1,6,7,810,810,929,930,WN,337,N259WN,79,80,62,-1,0,LAX,SMF,373,5,12,0,,0,NA,NA,NA,NA,NA2008,1,6,7,2030,1910,2146,2025,WN,1015,N325SW,76,75,65,81,80,LAX,SMF,373,4,7,0,,0,24,0,1,0,562008,1,6,7,906,900,1022,1020,WN,1486,N636WN,76,80,62,2,6,LAX,SMF,373,4,10,0,,0,NA,NA,NA,NA,NA2008,1,6,7,2230,2125,5,2245,WN,2437,N202WN,95,80,70,80,65,LAX,SMF,373,4,21,0,,0,40,0,15,0,252008,1,6,7,1537,1505,1651,1620,WN,2720,N323SW,74,75,65,31,32,LAX,SMF,373,4,5,0,,0,2,0,0,0,292008,1,6,7,1406,1350,1524,1510,WN,2985,N479WN,78,80,67,14,16,LAX,SMF,373,5,6,0,,0,NA,NA,NA,NA,NA2008,1,6,7,1755,1715,1911,1830,WN,3155,N227WN,76,75,65,41,40,LAX,SMF,373,5,6,0,,0,1,0,1,0,392008,1,6,7,2126,2035,2321,2155,WN,3584,N400WN,115,80,76,86,51,LAX,SMF,373,4,35,0,,0,27,0,35,0,242008,1,6,7,1711,1655,2227,2225,WN,71,N397SW,196,210,183,2,16,LAX,STL,1593,6,7,0,,0,NA,NA,NA,NA,NA2008,1,6,7,1423,1345,1644,1600,WN,75,N315SW,81,75,57,44,38,LAX,TUS,451,3,21,0,,0,0,0,15,0,292008,1,6,7,1951,1850,2200,2105,WN,1044,N361SW,69,75,57,55,61,LAX,TUS,451,4,8,0,,0,7,0,0,0,482008,1,6,7,1840,1655,2055,1910,WN,3048,N388SW,75,75,59,105,105,LAX,TUS,451,3,13,0,,0,24,0,0,0,812008,1,6,7,1041,1040,1250,1300,WN,3831,N391SW,69,80,57,-10,1,LAX,TUS,451,4,8,0,,0,NA,NA,NA,NA,NA2008,1,6,7,22,2040,241,2300,WN,3939,N658SW,79,80,54,221,222,LAX,TUS,451,3,22,0,,0,0,0,0,0,2212008,1,6,7,1909,1910,1918,1915,WN,160,N489WN,69,65,56,3,-1,LBB,ABQ,289,5,8,0,,0,NA,NA,NA,NA,NA2008,1,6,7,1759,1745,1859,1850,WN,555,N512SW,60,65,49,9,14,LBB,AUS,341,3,8,0,,0,NA,NA,NA,NA,NA2008,1,6,7,847,850,954,955,WN,836,N775SW,67,65,52,-1,-3,LBB,AUS,341,5,10,0,,0,NA,NA,NA,NA,NA2008,1,6,7,1011,1010,1104,1110,WN,21,N502SW,53,60,46,-6,1,LBB,DAL,293,2,5,0,,0,NA,NA,NA,NA,NA2008,1,6,7,1341,1340,1439,1440,WN,35,N505SW,58,60,47,-1,1,LBB,DAL,293,3,8,0,,0,NA,NA,NA,NA,NA2008,1,6,7,1709,1640,1807,1740,WN,141,N201LV,58,60,48,27,29,LBB,DAL,293,3,7,0,,0,11,0,0,0,162008,1,6,7,756,800,854,900,WN,861,N608SW,58,60,46,-6,-4,LBB,DAL,293,3,9,0,,0,NA,NA,NA,NA,NA2008,1,6,7,1814,1815,1911,1915,WN,1312,N502SW,57,60,48,-4,-1,LBB,DAL,293,2,7,0,,0,NA,NA,NA,NA,NA2008,1,6,7,1544,1525,1643,1625,WN,2382,N212WN,59,60,49,18,19,LBB,DAL,293,3,7,0,,0,0,0,0,0,182008,1,6,7,2006,2010,2103,2110,WN,2542,N710SW,57,60,47,-7,-4,LBB,DAL,293,3,7,0,,0,NA,NA,NA,NA,NA2008,1,6,7,1155,1155,1213,1210,WN,573,N269WN,138,135,123,3,0,LBB,LAS,775,6,9,0,,0,NA,NA,NA,NA,NA2008,1,6,7,1602,1550,1924,1900,WN,438,N302SW,142,130,115,24,12,LIT,BWI,912,18,9,0,,0,7,0,12,0,52008,1,6,7,1510,1500,1608,1605,WN,41,N772SW,58,65,50,3,10,LIT,DAL,296,2,6,0,,0,NA,NA,NA,NA,NA2008,1,6,7,1743,1705,1848,1810,WN,49,N515SW,65,65,52,38,38,LIT,DAL,296,4,9,0,,0,3,0,0,0,352008,1,6,7,1317,1235,1420,1340,WN,700,N374SW,63,65,53,40,42,LIT,DAL,296,4,6,0,,0,3,0,0,0,372008,1,6,7,1112,1100,1212,1205,WN,2177,N611SW,60,65,50,7,12,LIT,DAL,296,4,6,0,,0,NA,NA,NA,NA,NA2008,1,6,7,1956,1950,2057,2055,WN,2263,N640SW,61,65,52,2,6,LIT,DAL,296,3,6,0,,0,NA,NA,NA,NA,NA2008,1,6,7,802,805,903,910,WN,3748,N337SW,61,65,50,-7,-3,LIT,DAL,296,3,8,0,,0,NA,NA,NA,NA,NA2008,1,6,7,1402,1405,1518,1530,WN,231,N501SW,76,85,63,-12,-3,LIT,HOU,393,5,8,0,,0,NA,NA,NA,NA,NA2008,1,6,7,1317,1310,1447,1440,WN,3053,N775SW,210,210,189,7,7,LIT,LAS,1295,3,18,0,,0,NA,NA,NA,NA,NA2008,1,6,7,1038,1035,1221,1215,WN,8,N513SW,103,100,93,6,3,LIT,MDW,544,3,7,0,,0,NA,NA,NA,NA,NA2008,1,6,7,734,730,942,945,WN,250,N522SW,188,195,174,-3,4,LIT,PHX,1136,6,8,0,,0,NA,NA,NA,NA,NA2008,1,6,7,1826,1815,1928,1920,WN,3168,N635SW,62,65,52,8,11,LIT,STL,296,3,7,0,,0,NA,NA,NA,NA,NA2008,1,6,7,642,640,742,745,WN,3757,N490WN,60,65,49,-3,2,LIT,STL,296,4,7,0,,0,NA,NA,NA,NA,NA2008,1,6,7,1128,1130,1130,1135,WN,10,N382SW,62,65,52,-5,-2,MAF,ABQ,332,3,7,0,,0,NA,NA,NA,NA,NA2008,1,6,7,734,735,832,835,WN,1194,N648SW,58,60,47,-3,-1,MAF,AUS,294,4,7,0,,0,NA,NA,NA,NA,NA2008,1,6,7,1900,1830,1953,1925,WN,2374,N378SW,53,55,41,28,30,MAF,AUS,294,3,9,0,,0,0,0,0,0,282008,1,6,7,1642,1535,1739,1635,WN,43,N330SW,57,60,47,64,67,MAF,DAL,319,4,6,0,,0,0,0,0,0,642008,1,6,7,1801,1805,1900,1905,WN,53,N511SW,59,60,50,-5,-4,MAF,DAL,319,3,6,0,,0,NA,NA,NA,NA,NA2008,1,6,7,2000,1945,2102,2045,WN,271,N680AA,62,60,50,17,15,MAF,DAL,319,5,7,0,,0,5,0,2,0,102008,1,6,7,913,915,1018,1015,WN,914,N308SA,65,60,55,3,-2,MAF,DAL,319,2,8,0,,0,NA,NA,NA,NA,NA2008,1,6,7,1303,1305,1401,1405,WN,1430,N514SW,58,60,47,-4,-2,MAF,DAL,319,4,7,0,,0,NA,NA,NA,NA,NA2008,1,6,7,700,705,814,820,WN,539,N638SW,74,75,62,-6,-5,MAF,HOU,441,3,9,0,,0,NA,NA,NA,NA,NA2008,1,6,7,1456,1450,1628,1605,WN,3828,N521SW,92,75,82,23,6,MAF,HOU,441,3,7,0,,0,0,0,17,0,62008,1,6,7,1733,1730,1804,1750,WN,317,N665WN,151,140,135,14,3,MAF,LAS,796,6,10,0,,0,NA,NA,NA,NA,NA2008,1,6,7,1849,1850,1959,2000,WN,1493,N685SW,130,130,116,-1,-1,MCI,ABQ,718,5,9,0,,0,NA,NA,NA,NA,NA2008,1,6,7,849,850,1001,1000,WN,1655,N647SW,132,130,115,1,-1,MCI,ABQ,718,3,14,0,,0,NA,NA,NA,NA,NA2008,1,6,7,816,810,942,935,WN,112,N359SW,86,85,67,7,6,MCI,BNA,491,4,15,0,,0,NA,NA,NA,NA,NA2008,1,6,7,1147,1150,1305,1310,WN,290,N714CB,78,80,64,-5,-3,MCI,BNA,491,4,10,0,,0,NA,NA,NA,NA,NA2008,1,6,7,2132,2115,2248,2235,WN,1568,N688SW,76,80,64,13,17,MCI,BNA,491,4,8,0,,0,NA,NA,NA,NA,NA2008,1,6,7,1706,1710,1828,1835,WN,1668,N341SW,82,85,66,-7,-4,MCI,BNA,491,8,8,0,,0,NA,NA,NA,NA,NA2008,1,6,7,643,645,956,1005,WN,3062,N205WN,133,140,121,-9,-2,MCI,BWI,967,3,9,0,,0,NA,NA,NA,NA,NA2008,1,6,7,1351,1350,1707,1710,WN,3320,N349SW,136,140,123,-3,1,MCI,BWI,967,2,11,0,,0,NA,NA,NA,NA,NA2008,1,6,7,2013,1930,2318,2250,WN,3829,N225WN,125,140,112,28,43,MCI,BWI,967,4,9,0,,0,3,0,0,0,252008,1,6,7,NA,725,NA,900,WN,11,,NA,95,NA,NA,NA,MCI,DAL,461,NA,NA,1,A,0,NA,NA,NA,NA,NA2008,1,6,7,908,910,1036,1040,WN,19,N661SW,88,90,76,-4,-2,MCI,DAL,461,3,9,0,,0,NA,NA,NA,NA,NA2008,1,6,7,1235,1235,1401,1405,WN,33,N520SW,86,90,76,-4,0,MCI,DAL,461,2,8,0,,0,NA,NA,NA,NA,NA2008,1,6,7,1935,1910,2104,2040,WN,59,N525SW,89,90,78,24,25,MCI,DAL,461,2,9,0,,0,0,0,0,0,242008,1,6,7,1602,1605,1730,1735,WN,2010,N407WN,88,90,75,-5,-3,MCI,DAL,461,3,10,0,,0,NA,NA,NA,NA,NA2008,1,6,7,2109,2100,2238,2230,WN,3239,N324SW,89,90,73,8,9,MCI,DAL,461,3,13,0,,0,NA,NA,NA,NA,NA2008,1,6,7,1154,1055,1239,1145,WN,472,N338SW,105,110,91,54,59,MCI,DEN,533,5,9,0,,0,54,0,0,0,02008,1,6,7,1906,1855,1953,1940,WN,977,N612SW,107,105,92,13,11,MCI,DEN,533,6,9,0,,0,NA,NA,NA,NA,NA2008,1,6,7,1447,1440,1531,1525,WN,1151,N383SW,104,105,88,6,7,MCI,DEN,533,6,10,0,,0,NA,NA,NA,NA,NA2008,1,6,7,2012,1850,2229,2110,WN,321,N395SW,77,80,60,79,82,MCI,IND,451,8,9,0,,0,54,0,0,0,252008,1,6,7,1447,1420,1623,1535,WN,187,N307SW,216,195,187,48,27,MCI,LAS,1140,5,24,0,,0,7,0,21,0,202008,1,6,7,1251,1210,1412,1320,WN,488,N362SW,201,190,181,52,41,MCI,LAS,1140,7,13,0,,0,41,0,11,0,02008,1,6,7,1806,1725,1923,1835,WN,962,N509SW,197,190,183,48,41,MCI,LAS,1140,5,9,0,,0,0,0,19,0,292008,1,6,7,904,900,1023,1010,WN,2193,N619SW,199,190,185,13,4,MCI,LAS,1140,3,11,0,,0,NA,NA,NA,NA,NA2008,1,6,7,2017,2020,2134,2130,WN,3774,N403WN,197,190,172,4,-3,MCI,LAS,1140,16,9,0,,0,NA,NA,NA,NA,NA2008,1,6,7,652,650,845,835,WN,418,N366SW,233,225,215,10,2,MCI,LAX,1363,9,9,0,,0,NA,NA,NA,NA,NA2008,1,6,7,1739,1720,1923,1905,WN,810,N351SW,224,225,206,18,19,MCI,LAX,1363,9,9,0,,0,9,0,0,0,92008,1,6,7,1501,1455,1719,1640,WN,3155,N227WN,258,225,205,39,6,MCI,LAX,1363,44,9,0,,0,6,0,33,0,02008,1,6,7,1028,1025,1229,1205,WN,3778,N462WN,241,220,214,24,3,MCI,LAX,1363,15,12,0,,0,0,0,24,0,02008,1,6,7,2010,1850,2346,2225,WN,730,N677AA,156,155,143,81,80,MCI,MCO,1072,4,9,0,,0,0,0,1,0,802008,1,6,7,1240,1245,1612,1625,WN,1949,N649SW,152,160,137,-13,-5,MCI,MCO,1072,6,9,0,,0,NA,NA,NA,NA,NA2008,1,6,7,704,705,1033,1050,WN,2279,N675AA,149,165,135,-17,-1,MCI,MCO,1072,5,9,0,,0,NA,NA,NA,NA,NA2008,1,6,7,1545,1545,1709,1705,WN,26,N262WN,84,80,68,4,0,MCI,MDW,405,5,11,0,,0,NA,NA,NA,NA,NA2008,1,6,7,2056,2100,2200,2215,WN,48,N310SW,64,75,54,-15,-4,MCI,MDW,405,5,5,0,,0,NA,NA,NA,NA,NA2008,1,6,7,912,835,1028,955,WN,95,N396SW,76,80,58,33,37,MCI,MDW,405,6,12,0,,0,33,0,0,0,02008,1,6,7,1805,1805,1923,1925,WN,154,N486WN,78,80,65,-2,0,MCI,MDW,405,5,8,0,,0,NA,NA,NA,NA,NA2008,1,6,7,1007,1010,1129,1130,WN,308,N523SW,82,80,61,-1,-3,MCI,MDW,405,9,12,0,,0,NA,NA,NA,NA,NA2008,1,6,7,710,715,826,835,WN,748,N400WN,76,80,57,-9,-5,MCI,MDW,405,3,16,0,,0,NA,NA,NA,NA,NA2008,1,6,7,1336,1330,1455,1450,WN,772,N609SW,79,80,62,5,6,MCI,MDW,405,6,11,0,,0,NA,NA,NA,NA,NA2008,1,6,7,1630,1630,1741,1750,WN,1006,N384SW,71,80,58,-9,0,MCI,MDW,405,5,8,0,,0,NA,NA,NA,NA,NA2008,1,6,7,1436,1430,1552,1545,WN,1685,N625SW,76,75,63,7,6,MCI,MDW,405,4,9,0,,0,NA,NA,NA,NA,NA2008,1,6,7,1210,1215,1321,1335,WN,1916,N639SW,71,80,59,-14,-5,MCI,MDW,405,4,8,0,,0,NA,NA,NA,NA,NA2008,1,6,7,1942,1935,2057,2055,WN,3915,N521SW,75,80,61,2,7,MCI,MDW,405,5,9,0,,0,NA,NA,NA,NA,NA2008,1,6,7,926,900,1129,1100,WN,425,N614SW,243,240,228,29,26,MCI,OAK,1489,5,10,0,,0,26,0,3,0,02008,1,6,7,1535,1530,1726,1735,WN,3307,N440LV,231,245,216,-9,5,MCI,OAK,1489,5,10,0,,0,NA,NA,NA,NA,NA2008,1,6,7,616,620,722,730,WN,215,N433LV,66,70,53,-8,-4,MCI,OKC,313,3,10,0,,0,NA,NA,NA,NA,NA2008,1,6,7,1119,1120,1227,1225,WN,449,N527SW,68,65,54,2,-1,MCI,OKC,313,3,11,0,,0,NA,NA,NA,NA,NA2008,1,6,7,2143,2125,2252,2235,WN,727,N326SW,69,70,55,17,18,MCI,OKC,313,3,11,0,,0,5,0,0,0,122008,1,6,7,1741,1710,1851,1820,WN,3665,N523SW,70,70,55,31,31,MCI,OKC,313,4,11,0,,0,0,0,0,0,312008,1,6,7,1305,1230,1449,1425,WN,914,N661SW,224,235,213,24,35,MCI,PDX,1481,2,9,0,,0,2,0,0,0,222008,1,6,7,1630,1635,1832,1830,WN,655,N646SW,182,175,167,2,-5,MCI,PHX,1044,5,10,0,,0,NA,NA,NA,NA,NA2008,1,6,7,955,955,1155,1150,WN,838,N793SA,180,175,164,5,0,MCI,PHX,1044,6,10,0,,0,NA,NA,NA,NA,NA2008,1,6,7,2042,2025,2241,2220,WN,1579,N484WN,179,175,164,21,17,MCI,PHX,1044,5,10,0,,0,3,0,4,0,142008,1,6,7,1655,1655,1833,1830,WN,1209,N398SW,218,215,206,3,0,MCI,SAN,1333,3,9,0,,0,NA,NA,NA,NA,NA2008,1,6,7,755,755,936,935,WN,2298,N644SW,221,220,211,1,0,MCI,SAN,1333,2,8,0,,0,NA,NA,NA,NA,NA2008,1,6,7,1437,1430,1629,1640,WN,1308,N610WN,232,250,218,-11,7,MCI,SEA,1489,5,9,0,,0,NA,NA,NA,NA,NA2008,1,6,7,1859,1850,2049,2045,WN,102,N663SW,230,235,210,4,9,MCI,SMF,1442,5,15,0,,0,NA,NA,NA,NA,NA2008,1,6,7,1450,1450,1545,1545,WN,283,N441WN,55,55,37,0,0,MCI,STL,237,4,14,0,,0,NA,NA,NA,NA,NA2008,1,6,7,2033,2020,2118,2115,WN,1230,N725SW,45,55,35,3,13,MCI,STL,237,3,7,0,,0,NA,NA,NA,NA,NA2008,1,6,7,901,905,954,1000,WN,1488,N718SW,53,55,39,-6,-4,MCI,STL,237,4,10,0,,0,NA,NA,NA,NA,NA2008,1,6,7,1830,1835,1920,1930,WN,2039,N386SW,50,55,37,-10,-5,MCI,STL,237,4,9,0,,0,NA,NA,NA,NA,NA2008,1,6,7,1157,1200,1259,1255,WN,2972,N629SW,62,55,42,4,-3,MCI,STL,237,5,15,0,,0,NA,NA,NA,NA,NA2008,1,6,7,1407,1405,1739,1740,WN,214,N403WN,152,155,135,-1,2,MCI,TPA,1048,4,13,0,,0,NA,NA,NA,NA,NA2008,1,6,7,809,805,1136,1135,WN,629,N612SW,147,150,132,1,4,MCI,TPA,1048,4,11,0,,0,NA,NA,NA,NA,NA2008,1,6,7,1448,1440,1540,1535,WN,132,N513SW,52,55,38,5,8,MCI,TUL,223,3,11,0,,0,NA,NA,NA,NA,NA2008,1,6,7,1030,1030,1121,1125,WN,407,N601WN,51,55,37,-4,0,MCI,TUL,223,3,11,0,,0,NA,NA,NA,NA,NA2008,1,6,7,1808,1810,1902,1905,WN,2900,N214WN,54,55,40,-3,-2,MCI,TUL,223,2,12,0,,0,NA,NA,NA,NA,NA2008,1,6,7,1304,1245,1455,1455,WN,2284,N270WN,231,250,212,0,19,MCO,ABQ,1552,3,16,0,,0,NA,NA,NA,NA,NA2008,1,6,7,804,805,946,1015,WN,2976,N271WN,222,250,208,-29,-1,MCO,ABQ,1552,4,10,0,,0,NA,NA,NA,NA,NA2008,1,6,7,2005,1955,2259,2235,WN,1744,N365SW,174,160,163,24,10,MCO,ALB,1073,3,8,0,,0,0,0,14,0,102008,1,6,7,1331,1300,1618,1540,WN,3075,N454WN,167,160,155,38,31,MCO,ALB,1073,4,8,0,,0,18,0,7,0,132008,1,6,7,829,830,1107,1110,WN,3150,N716SW,158,160,146,-3,-1,MCO,ALB,1073,3,9,0,,0,NA,NA,NA,NA,NA2008,1,6,7,1315,1300,1445,1500,WN,687,N335SW,150,180,136,-15,15,MCO,AUS,993,4,10,0,,0,NA,NA,NA,NA,NA2008,1,6,7,1656,1645,1939,1920,WN,365,N648SW,163,155,151,19,11,MCO,BDL,1050,4,8,0,,0,0,0,8,0,112008,1,6,7,1030,1030,1309,1305,WN,1656,N344SW,159,155,147,4,0,MCO,BDL,1050,5,7,0,,0,NA,NA,NA,NA,NA2008,1,6,7,725,725,956,1005,WN,2620,N295WN,151,160,136,-9,0,MCO,BDL,1050,5,10,0,,0,NA,NA,NA,NA,NA2008,1,6,7,720,715,749,750,WN,573,N269WN,89,95,74,-1,5,MCO,BHM,478,2,13,0,,0,NA,NA,NA,NA,NA2008,1,6,7,1700,1655,1721,1730,WN,2036,N649SW,81,95,72,-9,5,MCO,BHM,478,3,6,0,,0,NA,NA,NA,NA,NA2008,1,6,7,1304,1255,1330,1330,WN,2715,N457WN,86,95,72,0,9,MCO,BHM,478,3,11,0,,0,NA,NA,NA,NA,NA2008,1,6,7,1014,1015,1110,1115,WN,1413,N291WN,116,120,101,-5,-1,MCO,BNA,616,4,11,0,,0,NA,NA,NA,NA,NA2008,1,6,7,1842,1845,1931,1940,WN,2194,N273WN,109,115,94,-9,-3,MCO,BNA,616,5,10,0,,0,NA,NA,NA,NA,NA2008,1,6,7,1359,1400,1446,1500,WN,3082,N672SW,107,120,94,-14,-1,MCO,BNA,616,5,8,0,,0,NA,NA,NA,NA,NA2008,1,6,7,1716,1715,1802,1815,WN,3238,N651SW,106,120,95,-13,1,MCO,BNA,616,4,7,0,,0,NA,NA,NA,NA,NA2008,1,6,7,629,630,730,725,WN,3846,N493WN,121,115,98,5,-1,MCO,BNA,616,6,17,0,,0,NA,NA,NA,NA,NA2008,1,6,7,650,650,923,925,WN,322,N708SA,153,155,140,-2,0,MCO,BUF,1011,2,11,0,,0,NA,NA,NA,NA,NA2008,1,6,7,1450,1445,1725,1720,WN,443,N784SW,155,155,145,5,5,MCO,BUF,1011,3,7,0,,0,NA,NA,NA,NA,NA2008,1,6,7,1915,1910,2141,2145,WN,3567,N741SA,146,155,137,-4,5,MCO,BUF,1011,2,7,0,,0,NA,NA,NA,NA,NA2008,1,6,7,930,930,1133,1135,WN,458,N419WN,123,125,107,-2,0,MCO,BWI,787,4,12,0,,0,NA,NA,NA,NA,NA2008,1,6,7,2127,2005,2326,2210,WN,832,N443WN,119,125,108,76,82,MCO,BWI,787,5,6,0,,0,76,0,0,0,02008,1,6,7,747,720,949,925,WN,889,N488WN,122,125,107,24,27,MCO,BWI,787,5,10,0,,0,24,0,0,0,02008,1,6,7,1728,1710,1934,1920,WN,1170,N389SW,126,130,116,14,18,MCO,BWI,787,2,8,0,,0,NA,NA,NA,NA,NA2008,1,6,7,1801,1755,1957,2005,WN,1507,N652SW,116,130,108,-8,6,MCO,BWI,787,2,6,0,,0,NA,NA,NA,NA,NA2008,1,6,7,1331,1335,1538,1540,WN,2801,N695SW,127,125,115,-2,-4,MCO,BWI,787,6,6,0,,0,NA,NA,NA,NA,NA2008,1,6,7,1500,1500,1706,1705,WN,3067,N482WN,126,125,116,1,0,MCO,BWI,787,2,8,0,,0,NA,NA,NA,NA,NA2008,1,6,7,1030,1025,1238,1230,WN,3220,N440LV,128,125,113,8,5,MCO,BWI,787,2,13,0,,0,NA,NA,NA,NA,NA2008,1,6,7,1518,1520,1742,1745,WN,611,N223WN,144,145,128,-3,-2,MCO,CLE,895,5,11,0,,0,NA,NA,NA,NA,NA2008,1,6,7,1110,1110,1337,1335,WN,2366,N675AA,147,145,133,2,0,MCO,CLE,895,3,11,0,,0,NA,NA,NA,NA,NA2008,1,6,7,707,710,918,925,WN,1492,N278WN,131,135,114,-7,-3,MCO,CMH,802,4,13,0,,0,NA,NA,NA,NA,NA2008,1,6,7,1909,1910,2115,2125,WN,1602,N264LV,126,135,111,-10,-1,MCO,CMH,802,3,12,0,,0,NA,NA,NA,NA,NA2008,1,6,7,1326,1330,1530,1545,WN,2020,N273WN,124,135,114,-15,-4,MCO,CMH,802,4,6,0,,0,NA,NA,NA,NA,NA2008,1,6,7,1526,1525,1720,1740,WN,1063,N488WN,234,255,204,-20,1,MCO,DEN,1545,24,6,0,,0,NA,NA,NA,NA,NA2008,1,6,7,703,700,906,910,WN,1237,N402WN,243,250,224,-4,3,MCO,DEN,1545,6,13,0,,0,NA,NA,NA,NA,NA2008,1,6,7,1050,1055,1345,1335,WN,399,N286WN,175,160,156,10,-5,MCO,DTW,957,8,11,0,,0,NA,NA,NA,NA,NA2008,1,6,7,1621,1625,1858,1905,WN,1023,N219WN,157,160,146,-7,-4,MCO,DTW,957,6,5,0,,0,NA,NA,NA,NA,NA2008,1,6,7,2357,2055,46,2155,WN,380,N254WN,49,60,35,171,182,MCO,FLL,178,4,10,0,,0,0,0,0,0,1712008,1,6,7,1848,1850,1948,1950,WN,455,N385SW,60,60,44,-2,-2,MCO,FLL,178,6,10,0,,0,NA,NA,NA,NA,NA2008,1,6,7,1327,1325,1417,1425,WN,543,N710SW,50,60,37,-8,2,MCO,FLL,178,4,9,0,,0,NA,NA,NA,NA,NA2008,1,6,7,945,950,1039,1050,WN,779,N701GS,54,60,38,-11,-5,MCO,FLL,178,4,12,0,,0,NA,NA,NA,NA,NA2008,1,6,7,1720,1700,1820,1800,WN,3509,N261WN,60,60,42,20,20,MCO,FLL,178,3,15,0,,0,3,0,0,0,172008,1,6,7,1428,1420,1541,1600,WN,42,N299WN,133,160,121,-19,8,MCO,HOU,848,5,7,0,,0,NA,NA,NA,NA,NA2008,1,6,7,813,805,949,945,WN,237,N434WN,156,160,129,4,8,MCO,HOU,848,15,12,0,,0,NA,NA,NA,NA,NA2008,1,6,7,1044,1040,1154,1220,WN,430,N729SW,130,160,116,-26,4,MCO,HOU,848,4,10,0,,0,NA,NA,NA,NA,NA2008,1,6,7,1740,1740,1852,1920,WN,1491,N637SW,132,160,116,-28,0,MCO,HOU,848,4,12,0,,0,NA,NA,NA,NA,NA2008,1,6,7,2046,2045,2202,2225,WN,3046,N363SW,136,160,122,-23,1,MCO,HOU,848,3,11,0,,0,NA,NA,NA,NA,NA2008,1,6,7,705,705,915,915,WN,961,N314SW,130,130,112,0,0,MCO,IAD,758,5,13,0,,0,NA,NA,NA,NA,NA2008,1,6,7,1222,1220,1433,1425,WN,1317,N637SW,131,125,114,8,2,MCO,IAD,758,6,11,0,,0,NA,NA,NA,NA,NA2008,1,6,7,1135,1140,1354,1405,WN,829,N220WN,139,145,125,-11,-5,MCO,IND,828,7,7,0,,0,NA,NA,NA,NA,NA2008,1,6,7,1838,1840,2059,2105,WN,3256,N672SW,141,145,122,-6,-2,MCO,IND,828,7,12,0,,0,NA,NA,NA,NA,NA2008,1,6,7,2046,2030,2318,2255,WN,121,N732SW,152,145,135,23,16,MCO,ISP,972,5,12,0,,0,2,0,7,0,142008,1,6,7,1552,1550,1818,1815,WN,630,N427WN,146,145,137,3,2,MCO,ISP,972,3,6,0,,0,NA,NA,NA,NA,NA2008,1,6,7,920,915,1148,1140,WN,893,N743SW,148,145,135,8,5,MCO,ISP,972,3,10,0,,0,NA,NA,NA,NA,NA2008,1,6,7,1058,1100,1326,1330,WN,2784,N444WN,148,150,138,-4,-2,MCO,ISP,972,4,6,0,,0,NA,NA,NA,NA,NA2008,1,6,7,1846,1840,2123,2105,WN,3332,N737JW,157,145,140,18,6,MCO,ISP,972,4,13,0,,0,0,0,12,0,62008,1,6,7,1408,1355,1636,1620,WN,3864,N278WN,148,145,137,16,13,MCO,ISP,972,3,8,0,,0,0,0,3,13,02008,1,6,7,1632,1610,1705,1705,WN,186,N450WN,93,115,82,0,22,MCO,JAN,587,3,8,0,,0,NA,NA,NA,NA,NA2008,1,6,7,1020,1015,1217,1230,WN,2354,N211WN,297,315,286,-13,5,MCO,LAS,2039,4,7,0,,0,NA,NA,NA,NA,NA2008,1,6,7,1146,1155,1330,1400,WN,1308,N610WN,164,185,146,-30,-9,MCO,MCI,1072,4,14,0,,0,NA,NA,NA,NA,NA2008,1,6,7,1620,1620,1807,1825,WN,1493,N685SW,167,185,151,-18,0,MCO,MCI,1072,6,10,0,,0,NA,NA,NA,NA,NA2008,1,6,7,634,630,828,830,WN,2193,N619SW,174,180,155,-2,4,MCO,MCI,1072,4,15,0,,0,NA,NA,NA,NA,NA2008,1,6,7,1715,1705,1852,1855,WN,163,N746SW,157,170,142,-3,10,MCO,MDW,989,5,10,0,,0,NA,NA,NA,NA,NA2008,1,6,7,1801,1805,1941,1955,WN,172,N767SW,160,170,146,-14,-4,MCO,MDW,989,4,10,0,,0,NA,NA,NA,NA,NA2008,1,6,7,933,935,1128,1125,WN,562,N217JC,175,170,154,3,-2,MCO,MDW,989,4,17,0,,0,NA,NA,NA,NA,NA2008,1,6,7,821,820,1014,1010,WN,658,N494WN,173,170,158,4,1,MCO,MDW,989,3,12,0,,0,NA,NA,NA,NA,NA2008,1,6,7,1515,1510,1654,1700,WN,1423,N331SW,159,170,146,-6,5,MCO,MDW,989,3,10,0,,0,NA,NA,NA,NA,NA2008,1,6,7,1209,1210,1403,1355,WN,1852,N717SA,174,165,158,8,-1,MCO,MDW,989,4,12,0,,0,NA,NA,NA,NA,NA2008,1,6,7,2111,2105,2246,2250,WN,3137,N727SW,155,165,138,-4,6,MCO,MDW,989,5,12,0,,0,NA,NA,NA,NA,NA2008,1,6,7,1234,1235,1533,1525,WN,3,N353SW,179,170,166,8,-1,MCO,MHT,1142,4,9,0,,0,NA,NA,NA,NA,NA2008,1,6,7,1749,1745,2044,2035,WN,25,N608SW,175,170,162,9,4,MCO,MHT,1142,4,9,0,,0,NA,NA,NA,NA,NA2008,1,6,7,623,630,906,915,WN,589,N273WN,163,165,146,-9,-7,MCO,MHT,1142,3,14,0,,0,NA,NA,NA,NA,NA2008,1,6,7,2057,2045,2348,2330,WN,1145,N472WN,171,165,161,18,12,MCO,MHT,1142,3,7,0,,0,8,0,6,0,42008,1,6,7,1030,1035,1318,1325,WN,3429,N429WN,168,170,153,-7,-5,MCO,MHT,1142,5,10,0,,0,NA,NA,NA,NA,NA2008,1,6,7,1030,1030,1105,1125,WN,62,N482WN,95,115,83,-20,0,MCO,MSY,550,2,10,0,,0,NA,NA,NA,NA,NA2008,1,6,7,1629,1630,1710,1725,WN,426,N645SW,101,115,81,-15,-1,MCO,MSY,550,15,5,0,,0,NA,NA,NA,NA,NA2008,1,6,7,811,735,848,830,WN,467,N209WN,97,115,82,18,36,MCO,MSY,550,2,13,0,,0,0,0,0,0,182008,1,6,7,1916,1920,1942,2015,WN,3134,N313SW,86,115,77,-33,-4,MCO,MSY,550,3,6,0,,0,NA,NA,NA,NA,NA2008,1,6,7,957,945,1148,1135,WN,590,N453WN,111,110,96,13,12,MCO,ORF,655,5,10,0,,0,NA,NA,NA,NA,NA2008,1,6,7,1506,1500,1718,1650,WN,1320,N238WN,132,110,103,28,6,MCO,ORF,655,22,7,0,,0,1,0,22,0,52008,1,6,7,1712,1715,1943,1950,WN,297,N287WN,151,155,139,-7,-3,MCO,PHL,861,7,5,0,,0,NA,NA,NA,NA,NA2008,1,6,7,1419,1415,1641,1645,WN,348,N507SW,142,150,133,-4,4,MCO,PHL,861,4,5,0,,0,NA,NA,NA,NA,NA2008,1,6,7,1113,1115,1335,1340,WN,768,N753SW,142,145,127,-5,-2,MCO,PHL,861,5,10,0,,0,NA,NA,NA,NA,NA2008,1,6,7,918,920,1136,1145,WN,837,N655WN,138,145,122,-9,-2,MCO,PHL,861,5,11,0,,0,NA,NA,NA,NA,NA2008,1,6,7,1251,1250,1516,1520,WN,1035,N385SW,145,150,129,-4,1,MCO,PHL,861,4,12,0,,0,NA,NA,NA,NA,NA2008,1,6,7,2211,2105,24,2330,WN,1915,N683SW,133,145,121,54,66,MCO,PHL,861,5,7,0,,0,0,0,0,0,542008,1,6,7,1503,1505,1726,1740,WN,3247,N654SW,143,155,133,-14,-2,MCO,PHL,861,4,6,0,,0,NA,NA,NA,NA,NA2008,1,6,7,1624,1620,1900,1920,WN,1484,N442WN,276,300,264,-20,4,MCO,PHX,1848,4,8,0,,0,NA,NA,NA,NA,NA2008,1,6,7,2038,2035,2246,2255,WN,2294,N445WN,128,140,115,-9,3,MCO,PIT,834,7,6,0,,0,NA,NA,NA,NA,NA2008,1,6,7,930,930,1143,1145,WN,2361,N747SA,133,135,118,-2,0,MCO,PIT,834,6,9,0,,0,NA,NA,NA,NA,NA2008,1,6,7,1221,1225,1441,1440,WN,3934,N314SW,140,135,127,1,-4,MCO,PIT,834,3,10,0,,0,NA,NA,NA,NA,NA2008,1,6,7,2148,2115,30,2355,WN,940,N418WN,162,160,149,35,33,MCO,PVD,1073,6,7,0,,0,0,0,2,4,292008,1,6,7,1434,1430,1719,1705,WN,975,N424WN,165,155,154,14,4,MCO,PVD,1073,5,6,0,,0,NA,NA,NA,NA,NA2008,1,6,7,948,950,1225,1230,WN,1074,N759GS,157,160,142,-5,-2,MCO,PVD,1073,4,11,0,,0,NA,NA,NA,NA,NA2008,1,6,7,1752,1755,2035,2035,WN,1305,N777QC,163,160,150,0,-3,MCO,PVD,1073,5,8,0,,0,NA,NA,NA,NA,NA2008,1,6,7,628,635,907,915,WN,2281,N427WN,159,160,135,-8,-7,MCO,PVD,1073,5,19,0,,0,NA,NA,NA,NA,NA2008,1,6,7,1148,1145,1432,1425,WN,3754,N234WN,164,160,150,7,3,MCO,PVD,1073,5,9,0,,0,NA,NA,NA,NA,NA2008,1,6,7,710,710,845,845,WN,334,N735SA,95,95,79,0,0,MCO,RDU,534,3,13,0,,0,NA,NA,NA,NA,NA2008,1,6,7,2145,2000,2319,2140,WN,2135,N392SW,94,100,83,99,105,MCO,RDU,534,4,7,0,,0,99,0,0,0,02008,1,6,7,956,955,1134,1130,WN,2621,N687SW,98,95,87,4,1,MCO,RDU,534,4,7,0,,0,NA,NA,NA,NA,NA2008,1,6,7,1536,1540,1712,1720,WN,2734,N328SW,96,100,87,-8,-4,MCO,RDU,534,4,5,0,,0,NA,NA,NA,NA,NA2008,1,6,7,954,955,1048,1045,WN,150,N313SW,54,50,34,3,-1,MCO,RSW,133,3,17,0,,0,NA,NA,NA,NA,NA2008,1,6,7,2130,2105,2212,2150,WN,907,N653SW,42,45,29,22,25,MCO,RSW,133,4,9,0,,0,9,0,0,0,132008,1,6,7,1309,1315,1345,1405,WN,2368,N427WN,36,50,28,-20,-6,MCO,RSW,133,2,6,0,,0,NA,NA,NA,NA,NA2008,1,6,7,1810,1755,1851,1845,WN,3398,N222WN,41,50,26,6,15,MCO,RSW,133,5,10,0,,0,NA,NA,NA,NA,NA2008,1,6,7,1031,1030,1217,1235,WN,1112,N465WN,166,185,153,-18,1,MCO,SAT,1040,2,11,0,,0,NA,NA,NA,NA,NA2008,1,6,7,1506,1505,1648,1710,WN,1414,N699SW,162,185,143,-22,1,MCO,SAT,1040,3,16,0,,0,NA,NA,NA,NA,NA2008,1,6,7,943,945,1209,1155,WN,187,N307SW,146,130,115,14,-2,MCO,SDF,718,5,26,0,,0,NA,NA,NA,NA,NA2008,1,6,7,1439,1425,1641,1635,WN,718,N724SW,122,130,111,6,14,MCO,SDF,718,6,5,0,,0,NA,NA,NA,NA,NA2008,1,6,7,1258,1250,1417,1425,WN,440,N779SW,139,155,121,-8,8,MCO,STL,880,5,13,0,,0,NA,NA,NA,NA,NA2008,1,6,7,753,745,916,925,WN,928,N756SA,143,160,129,-9,8,MCO,STL,880,3,11,0,,0,NA,NA,NA,NA,NA2008,1,6,7,2044,2035,2158,2210,WN,2300,N789SW,134,155,121,-12,9,MCO,STL,880,3,10,0,,0,NA,NA,NA,NA,NA2008,1,6,7,1536,1535,1654,1710,WN,3743,N235WN,138,155,126,-16,1,MCO,STL,880,4,8,0,,0,NA,NA,NA,NA,NA2008,1,6,7,911,910,1120,1115,WN,1008,N727SW,189,185,175,5,1,MDW,ABQ,1121,3,11,0,,0,NA,NA,NA,NA,NA2008,1,6,7,1555,1550,1808,1800,WN,2871,N444WN,193,190,172,8,5,MDW,ABQ,1121,9,12,0,,0,NA,NA,NA,NA,NA2008,1,6,7,1047,1020,1332,1305,WN,95,N396SW,105,105,93,27,27,MDW,ALB,717,2,10,0,,0,0,0,0,0,272008,1,6,7,1954,1925,2232,2215,WN,714,N758SW,98,110,87,17,29,MDW,ALB,717,3,8,0,,0,0,0,0,0,172008,1,6,7,745,745,1010,1030,WN,478,N203WN,145,165,136,-20,0,MDW,AUS,972,5,4,0,,0,NA,NA,NA,NA,NA2008,1,6,7,1922,1905,2203,2150,WN,3568,N276WN,161,165,145,13,17,MDW,AUS,972,4,12,0,,0,NA,NA,NA,NA,NA2008,1,6,7,1919,1900,2209,2200,WN,245,N462WN,110,120,95,9,19,MDW,BDL,777,5,10,0,,0,NA,NA,NA,NA,NA2008,1,6,7,858,845,1152,1140,WN,437,N328SW,114,115,102,12,13,MDW,BDL,777,3,9,0,,0,NA,NA,NA,NA,NA2008,1,6,7,1349,1350,1640,1645,WN,885,N455WN,111,115,100,-5,-1,MDW,BDL,777,3,8,0,,0,NA,NA,NA,NA,NA2008,1,6,7,1012,1015,1148,1155,WN,223,N439WN,96,100,77,-7,-3,MDW,BHM,570,4,15,0,,0,NA,NA,NA,NA,NA2008,1,6,7,1946,1945,2119,2125,WN,313,N406WN,93,100,78,-6,1,MDW,BHM,570,3,12,0,,0,NA,NA,NA,NA,NA2008,1,6,7,1815,1755,1927,1915,WN,581,N279WN,72,80,58,12,20,MDW,BNA,395,4,10,0,,0,NA,NA,NA,NA,NA2008,1,6,7,1039,1030,1148,1145,WN,640,N326SW,69,75,59,3,9,MDW,BNA,395,4,6,0,,0,NA,NA,NA,NA,NA2008,1,6,7,800,800,908,920,WN,689,N200WN,68,80,57,-12,0,MDW,BNA,395,5,6,0,,0,NA,NA,NA,NA,NA2008,1,6,7,1215,1210,1326,1325,WN,813,N686SW,71,75,59,1,5,MDW,BNA,395,4,8,0,,0,NA,NA,NA,NA,NA2008,1,6,7,1550,1540,1704,1700,WN,830,N408WN,74,80,58,4,10,MDW,BNA,395,4,12,0,,0,NA,NA,NA,NA,NA2008,1,6,7,2125,2035,2239,2155,WN,851,N228WN,74,80,58,44,50,MDW,BNA,395,4,12,0,,0,25,0,0,0,192008,1,6,7,1928,1925,2043,2045,WN,934,N676SW,75,80,60,-2,3,MDW,BNA,395,4,11,0,,0,NA,NA,NA,NA,NA2008,1,6,7,2124,2110,2237,2225,WN,1973,N635SW,73,75,60,12,14,MDW,BNA,395,4,9,0,,0,NA,NA,NA,NA,NA2008,1,6,7,815,820,1036,1040,WN,1690,N618WN,81,80,68,-4,-5,MDW,BUF,468,2,11,0,,0,NA,NA,NA,NA,NA2008,1,6,7,1456,1255,1708,1515,WN,1828,N683SW,72,80,63,113,121,MDW,BUF,468,3,6,0,,0,8,0,0,0,1052008,1,6,7,2015,1955,2236,2215,WN,2975,N464WN,81,80,70,21,20,MDW,BUF,468,3,8,0,,0,3,0,1,0,172008,1,6,7,2050,1950,2313,2235,WN,106,N493WN,83,105,74,38,60,MDW,BWI,611,3,6,0,,0,15,0,0,0,232008,1,6,7,1301,1300,1532,1545,WN,208,N799SW,91,105,80,-13,1,MDW,BWI,611,3,8,0,,0,NA,NA,NA,NA,NA2008,1,6,7,1518,1515,1759,1800,WN,224,N765SW,101,105,82,-1,3,MDW,BWI,611,5,14,0,,0,NA,NA,NA,NA,NA2008,1,6,7,1732,1715,2006,2000,WN,324,N277WN,94,105,85,6,17,MDW,BWI,611,3,6,0,,0,NA,NA,NA,NA,NA2008,1,6,7,611,615,839,900,WN,402,N774SW,88,105,79,-21,-4,MDW,BWI,611,4,5,0,,0,NA,NA,NA,NA,NA2008,1,6,7,845,850,1124,1135,WN,466,N769SW,99,105,88,-11,-5,MDW,BWI,611,3,8,0,,0,NA,NA,NA,NA,NA2008,1,6,7,1048,1035,1321,1320,WN,2272,N476WN,93,105,83,1,13,MDW,BWI,611,5,5,0,,0,NA,NA,NA,NA,NA2008,1,6,7,2138,2125,7,5,WN,2786,N428WN,89,100,74,2,13,MDW,BWI,611,4,11,0,,0,NA,NA,NA,NA,NA2008,1,6,7,1928,1825,2130,2035,WN,30,N719SW,62,70,47,55,63,MDW,CLE,307,4,11,0,,0,5,0,0,0,502008,1,6,7,2123,2105,2324,2310,WN,153,N331SW,61,65,47,14,18,MDW,CLE,307,4,10,0,,0,NA,NA,NA,NA,NA2008,1,6,7,816,820,1015,1025,WN,387,N424WN,59,65,49,-10,-4,MDW,CLE,307,4,6,0,,0,NA,NA,NA,NA,NA2008,1,6,7,1133,1135,1334,1345,WN,628,N768SW,61,70,48,-11,-2,MDW,CLE,307,6,7,0,,0,NA,NA,NA,NA,NA2008,1,6,7,1410,1410,1626,1620,WN,1489,N617SW,76,70,58,6,0,MDW,CLE,307,6,12,0,,0,NA,NA,NA,NA,NA2008,1,6,7,1622,1600,1835,1815,WN,3587,N406WN,73,75,57,20,22,MDW,CLE,307,6,10,0,,0,20,0,0,0,02008,1,6,7,1102,1055,1304,1300,WN,129,N221WN,62,65,46,4,7,MDW,CMH,284,3,13,0,,0,NA,NA,NA,NA,NA2008,1,6,7,2001,2000,2200,2205,WN,154,N486WN,59,65,47,-5,1,MDW,CMH,284,4,8,0,,0,NA,NA,NA,NA,NA2008,1,6,7,2204,2135,2359,2335,WN,261,N343SW,55,60,40,24,29,MDW,CMH,284,3,12,0,,0,18,0,0,0,62008,1,6,7,855,900,1056,1105,WN,748,N400WN,61,65,47,-9,-5,MDW,CMH,284,5,9,0,,0,NA,NA,NA,NA,NA2008,1,6,7,1623,1620,1831,1825,WN,1685,N625SW,68,65,47,6,3,MDW,CMH,284,4,17,0,,0,NA,NA,NA,NA,NA2008,1,6,7,1333,1325,1537,1530,WN,2470,N216WR,64,65,49,7,8,MDW,CMH,284,4,11,0,,0,NA,NA,NA,NA,NA2008,1,6,7,1739,1730,1945,1935,WN,2474,N786SW,66,65,48,10,9,MDW,CMH,284,5,13,0,,0,NA,NA,NA,NA,NA2008,1,6,7,2039,2025,2203,2155,WN,172,N767SW,144,150,133,8,14,MDW,DEN,895,6,5,0,,0,NA,NA,NA,NA,NA2008,1,6,7,1247,1220,1429,1355,WN,806,N410WN,162,155,144,34,27,MDW,DEN,895,7,11,0,,0,27,0,7,0,02008,1,6,7,946,930,1129,1105,WN,902,N736SA,163,155,150,24,16,MDW,DEN,895,6,7,0,,0,13,0,8,0,32008,1,6,7,1507,1425,1649,1600,WN,1852,N717SA,162,155,143,49,42,MDW,DEN,895,8,11,0,,0,34,0,7,0,82008,1,6,7,1714,1705,1854,1845,WN,1944,N267WN,160,160,139,9,9,MDW,DEN,895,7,14,0,,0,NA,NA,NA,NA,NA2008,1,6,7,1204,1200,1404,1405,WN,308,N523SW,60,65,46,-1,4,MDW,DTW,229,7,7,0,,0,NA,NA,NA,NA,NA2008,1,6,7,1146,955,1341,1200,WN,671,N683SW,55,65,42,101,111,MDW,DTW,229,7,6,0,,0,7,0,0,0,942008,1,6,7,728,730,921,930,WN,945,N457WN,53,60,41,-9,-2,MDW,DTW,229,6,6,0,,0,NA,NA,NA,NA,NA2008,1,6,7,1824,1825,2033,2030,WN,1006,N384SW,69,65,48,3,-1,MDW,DTW,229,8,13,0,,0,NA,NA,NA,NA,NA2008,1,6,7,1605,1610,1817,1820,WN,1014,N773SA,72,70,51,-3,-5,MDW,DTW,229,9,12,0,,0,NA,NA,NA,NA,NA2008,1,6,7,1402,1405,1604,1610,WN,1916,N639SW,62,65,47,-6,-3,MDW,DTW,229,6,9,0,,0,NA,NA,NA,NA,NA2008,1,6,7,2134,2125,2331,2325,WN,3915,N521SW,57,60,40,6,9,MDW,DTW,229,6,11,0,,0,NA,NA,NA,NA,NA2008,1,6,7,1306,1305,1652,1700,WN,234,N762SW,166,175,148,-8,1,MDW,FLL,1166,4,14,0,,0,NA,NA,NA,NA,NA2008,1,6,7,1756,1735,2139,2130,WN,892,N724SW,163,175,149,9,21,MDW,FLL,1166,4,10,0,,0,NA,NA,NA,NA,NA2008,1,6,7,929,925,1305,1325,WN,2630,N436WN,156,180,146,-20,4,MDW,FLL,1166,4,6,0,,0,NA,NA,NA,NA,NA2008,1,6,7,2125,1955,107,2350,WN,3228,N426WN,162,175,148,77,90,MDW,FLL,1166,4,10,0,,0,7,0,0,0,702008,1,6,7,626,630,1002,1030,WN,3848,N550WN,156,180,144,-28,-4,MDW,FLL,1166,5,7,0,,0,NA,NA,NA,NA,NA2008,1,6,7,640,640,902,925,WN,195,N289CT,142,165,133,-23,0,MDW,HOU,937,3,6,0,,0,NA,NA,NA,NA,NA2008,1,6,7,2046,2015,2322,2300,WN,203,N706SW,156,165,140,22,31,MDW,HOU,937,4,12,0,,0,21,0,0,0,12008,1,6,7,819,820,1046,1105,WN,319,N733SA,147,165,135,-19,-1,MDW,HOU,937,3,9,0,,0,NA,NA,NA,NA,NA2008,1,6,7,1433,1415,1707,1700,WN,1927,N221WN,154,165,143,7,18,MDW,HOU,937,3,8,0,,0,NA,NA,NA,NA,NA2008,1,6,7,1133,1115,1403,1400,WN,3763,N525SW,150,165,138,3,18,MDW,HOU,937,4,8,0,,0,NA,NA,NA,NA,NA2008,1,6,7,1723,1710,2040,1955,WN,3841,N234WN,197,165,141,45,13,MDW,HOU,937,7,49,0,,0,13,0,32,0,02008,1,6,7,2206,2110,38,2350,WN,205,N752SW,92,100,70,48,56,MDW,IAD,577,6,16,0,,0,22,0,0,0,262008,1,6,7,1704,1650,1940,1930,WN,335,N229WN,96,100,73,10,14,MDW,IAD,577,6,17,0,,0,NA,NA,NA,NA,NA2008,1,6,7,628,625,901,900,WN,955,N333SW,93,95,78,1,3,MDW,IAD,577,5,10,0,,0,NA,NA,NA,NA,NA2008,1,6,7,1418,1405,1643,1650,WN,1307,N701GS,85,105,73,-7,13,MDW,IAD,577,4,8,0,,0,NA,NA,NA,NA,NA2008,1,6,7,1157,1150,1422,1435,WN,1488,N718SW,85,105,70,-13,7,MDW,IAD,577,6,9,0,,0,NA,NA,NA,NA,NA2008,1,6,7,1949,1915,2221,2155,WN,3232,N438WN,92,100,77,26,34,MDW,IAD,577,5,10,0,,0,9,0,0,0,172008,1,6,7,1704,1655,1852,1850,WN,378,N285WN,48,55,32,2,9,MDW,IND,162,9,7,0,,0,NA,NA,NA,NA,NA2008,1,6,7,2138,2105,2335,2255,WN,771,N797MX,57,50,39,40,33,MDW,IND,162,7,11,0,,0,28,0,7,0,52008,1,6,7,1315,1255,1500,1445,WN,1333,N652SW,45,50,30,15,20,MDW,IND,162,6,9,0,,0,15,0,0,0,02008,1,6,7,911,905,1206,1205,WN,969,N600WN,115,120,103,1,6,MDW,ISP,765,3,9,0,,0,NA,NA,NA,NA,NA2008,1,6,7,1641,1550,1941,1900,WN,1667,N422WN,120,130,109,41,51,MDW,ISP,765,3,8,0,,0,1,0,0,0,402008,1,6,7,1242,1245,1552,1555,WN,1930,N707SA,130,130,113,-3,-3,MDW,ISP,765,4,13,0,,0,NA,NA,NA,NA,NA2008,1,6,7,1913,1845,2210,2150,WN,2703,N230WN,117,125,99,20,28,MDW,ISP,765,7,11,0,,0,20,0,0,0,02008,1,6,7,1941,1845,2128,2045,WN,405,N514SW,107,120,97,43,56,MDW,JAN,666,3,7,0,,0,22,0,0,0,212008,1,6,7,730,730,912,925,WN,1035,N385SW,102,115,93,-13,0,MDW,JAN,666,2,7,0,,0,NA,NA,NA,NA,NA2008,1,6,7,2119,2100,2313,2300,WN,164,N715SW,234,240,220,13,19,MDW,LAS,1521,6,8,0,,0,NA,NA,NA,NA,NA2008,1,6,7,1706,1705,1917,1905,WN,201,N294WN,251,240,222,12,1,MDW,LAS,1521,12,17,0,,0,NA,NA,NA,NA,NA2008,1,6,7,1030,1030,1229,1230,WN,300,N745SW,239,240,229,-1,0,MDW,LAS,1521,4,6,0,,0,NA,NA,NA,NA,NA2008,1,6,7,1607,1550,1815,1750,WN,433,N266WN,248,240,233,25,17,MDW,LAS,1521,3,12,0,,0,15,0,8,0,22008,1,6,7,2025,2005,2220,2205,WN,556,N469WN,235,240,222,15,20,MDW,LAS,1521,5,8,0,,0,0,0,0,0,152008,1,6,7,1208,1200,1405,1400,WN,872,N249WN,237,240,227,5,8,MDW,LAS,1521,5,5,0,,0,NA,NA,NA,NA,NA2008,1,6,7,740,740,944,940,WN,1016,N464WN,244,240,235,4,0,MDW,LAS,1521,3,6,0,,0,NA,NA,NA,NA,NA2008,1,6,7,1513,1500,1728,1700,WN,1422,N203WN,255,240,229,28,13,MDW,LAS,1521,5,21,0,,0,5,0,15,0,82008,1,6,7,841,830,1059,1030,WN,2295,N212WN,258,240,237,29,11,MDW,LAS,1521,6,15,0,,0,11,0,18,0,02008,1,6,7,1928,1925,2129,2125,WN,2449,N771SA,241,240,224,4,3,MDW,LAS,1521,3,14,0,,0,NA,NA,NA,NA,NA2008,1,6,7,1451,1430,1654,1630,WN,3844,N490WN,243,240,228,24,21,MDW,LAS,1521,6,9,0,,0,21,0,3,0,02008,1,6,7,853,840,1138,1115,WN,118,N752SW,285,275,266,23,13,MDW,LAX,1750,7,12,0,,0,13,0,10,0,02008,1,6,7,716,655,959,925,WN,184,N456WN,283,270,269,34,21,MDW,LAX,1750,7,7,0,,0,21,0,13,0,02008,1,6,7,2105,2100,2347,2330,WN,587,N290WN,282,270,266,17,5,MDW,LAX,1750,7,9,0,,0,0,0,17,0,02008,1,6,7,1511,1500,1815,1730,WN,829,N220WN,304,270,257,45,11,MDW,LAX,1750,32,15,0,,0,1,0,34,0,102008,1,6,7,1142,1140,1424,1415,WN,2979,N797MX,282,275,254,9,2,MDW,LAX,1750,22,6,0,,0,NA,NA,NA,NA,NA2008,1,6,7,1443,1400,1716,1630,WN,3149,N205WN,273,270,255,46,43,MDW,LAX,1750,9,9,0,,0,43,0,3,0,02008,1,6,7,1743,1735,2034,2010,WN,3584,N400WN,291,275,269,24,8,MDW,LAX,1750,12,10,0,,0,6,0,16,0,22008,1,6,7,1539,1500,1720,1645,WN,49,N515SW,101,105,81,35,39,MDW,LIT,544,4,16,0,,0,17,0,0,0,182008,1,6,7,712,715,833,840,WN,19,N661SW,81,85,68,-7,-3,MDW,MCI,405,5,8,0,,0,NA,NA,NA,NA,NA2008,1,6,7,1039,1040,1201,1205,WN,33,N520SW,82,85,68,-4,-1,MDW,MCI,405,4,10,0,,0,NA,NA,NA,NA,NA2008,1,6,7,1752,1720,1911,1845,WN,59,N525SW,79,85,68,26,32,MDW,MCI,405,4,7,0,,0,15,0,0,0,112008,1,6,7,1300,1245,1425,1410,WN,132,N513SW,85,85,68,15,15,MDW,MCI,405,5,12,0,,0,9,0,0,0,62008,1,6,7,2151,2135,2312,2300,WN,342,N483WN,81,85,71,12,16,MDW,MCI,405,4,6,0,,0,NA,NA,NA,NA,NA2008,1,6,7,851,845,1013,1010,WN,407,N601WN,82,85,69,3,6,MDW,MCI,405,4,9,0,,0,NA,NA,NA,NA,NA2008,1,6,7,924,925,1043,1050,WN,449,N527SW,79,85,69,-7,-1,MDW,MCI,405,5,5,0,,0,NA,NA,NA,NA,NA2008,1,6,7,630,620,752,745,WN,629,N612SW,82,85,69,7,10,MDW,MCI,405,4,9,0,,0,NA,NA,NA,NA,NA2008,1,6,7,1946,1935,2113,2100,WN,727,N326SW,87,85,70,13,11,MDW,MCI,405,5,12,0,,0,NA,NA,NA,NA,NA2008,1,6,7,1147,1145,1305,1310,WN,951,N609SW,78,85,67,-5,2,MDW,MCI,405,4,7,0,,0,NA,NA,NA,NA,NA2008,1,6,7,1618,1620,1746,1745,WN,2900,N214WN,88,85,68,1,-2,MDW,MCI,405,9,11,0,,0,NA,NA,NA,NA,NA2008,1,6,7,1538,1515,1712,1640,WN,3665,N523SW,94,85,69,32,23,MDW,MCI,405,4,21,0,,0,12,0,9,0,112008,1,6,7,1326,1300,1643,1630,WN,401,N746SW,137,150,124,13,26,MDW,MCO,989,6,7,0,,0,NA,NA,NA,NA,NA2008,1,6,7,613,615,930,945,WN,482,N291WN,137,150,124,-15,-2,MDW,MCO,989,7,6,0,,0,NA,NA,NA,NA,NA2008,1,6,7,2022,2005,2336,2335,WN,1189,N494WN,134,150,126,1,17,MDW,MCO,989,3,5,0,,0,NA,NA,NA,NA,NA2008,1,6,7,1406,1400,1722,1730,WN,1206,N767SW,136,150,124,-8,6,MDW,MCO,989,5,7,0,,0,NA,NA,NA,NA,NA2008,1,6,7,803,805,1118,1135,WN,1765,N717SA,135,150,120,-17,-2,MDW,MCO,989,5,10,0,,0,NA,NA,NA,NA,NA2008,1,6,7,1024,1020,1344,1350,WN,2631,N299WN,140,150,122,-6,4,MDW,MCO,989,8,10,0,,0,NA,NA,NA,NA,NA2008,1,6,7,1713,1710,2037,2040,WN,3050,N727SW,144,150,125,-3,3,MDW,MCO,989,7,12,0,,0,NA,NA,NA,NA,NA2008,1,6,7,2004,1935,2329,2305,WN,3919,N755SA,145,150,127,24,29,MDW,MCO,989,5,13,0,,0,0,0,0,0,242008,1,6,7,2053,2015,2346,2315,WN,396,N245WN,113,120,99,31,38,MDW,MHT,838,5,9,0,,0,2,0,0,0,292008,1,6,7,632,635,928,935,WN,1674,N260WN,116,120,102,-7,-3,MDW,MHT,838,4,10,0,,0,NA,NA,NA,NA,NA2008,1,6,7,1807,1805,2113,2110,WN,1951,N618WN,126,125,105,3,2,MDW,MHT,838,5,16,0,,0,NA,NA,NA,NA,NA2008,1,6,7,1345,1345,1640,1645,WN,2524,N478WN,115,120,101,-5,0,MDW,MHT,838,4,10,0,,0,NA,NA,NA,NA,NA2008,1,6,7,1054,1040,1356,1340,WN,2813,N698SW,122,120,110,16,14,MDW,MHT,838,3,9,0,,0,14,0,2,0,02008,1,6,7,1434,1400,1639,1620,WN,1192,N461WN,125,140,114,19,34,MDW,MSY,825,2,9,0,,0,19,0,0,0,02008,1,6,7,908,905,1208,1150,WN,142,N268WN,300,285,277,18,3,MDW,OAK,1844,15,8,0,,0,0,0,18,0,02008,1,6,7,1218,1155,1508,1435,WN,562,N217JC,290,280,271,33,23,MDW,OAK,1844,8,11,0,,0,20,0,10,0,32008,1,6,7,2056,2010,2330,2250,WN,1076,N736SA,274,280,259,40,46,MDW,OAK,1844,6,9,0,,0,7,0,0,0,332008,1,6,7,1633,1630,1940,1915,WN,1161,N759GS,307,285,269,25,3,MDW,OAK,1844,23,15,0,,0,0,0,25,0,02008,1,6,7,1343,1330,1632,1615,WN,2195,N492WN,289,285,275,17,13,MDW,OAK,1844,4,10,0,,0,12,0,4,0,12008,1,6,7,954,955,1121,1120,WN,555,N512SW,87,85,73,1,-1,MDW,OMA,423,2,12,0,,0,NA,NA,NA,NA,NA2008,1,6,7,1240,1235,1401,1400,WN,1066,N499WN,81,85,71,1,5,MDW,OMA,423,3,7,0,,0,NA,NA,NA,NA,NA2008,1,6,7,1732,1735,1908,1900,WN,1423,N331SW,96,85,71,8,-3,MDW,OMA,423,16,9,0,,0,NA,NA,NA,NA,NA2008,1,6,7,2122,2115,2245,2240,WN,3491,N384SW,83,85,71,5,7,MDW,OMA,423,3,9,0,,0,NA,NA,NA,NA,NA2008,1,6,7,1608,1600,1734,1725,WN,3832,N755SA,86,85,66,9,8,MDW,OMA,423,3,17,0,,0,NA,NA,NA,NA,NA2008,1,6,7,1329,1325,1646,1620,WN,568,N783SW,137,115,95,26,4,MDW,ORF,704,35,7,0,,0,0,0,26,0,02008,1,6,7,1923,1915,2211,2210,WN,3510,N751SW,108,115,91,1,8,MDW,ORF,704,4,13,0,,0,NA,NA,NA,NA,NA2008,1,6,7,852,840,1106,1110,WN,839,N780SW,254,270,245,-4,12,MDW,PDX,1751,3,6,0,,0,NA,NA,NA,NA,NA2008,1,6,7,1907,1835,2119,2105,WN,2804,N436WN,252,270,240,14,32,MDW,PDX,1751,6,6,0,,0,NA,NA,NA,NA,NA2008,1,6,7,1539,1540,1822,1850,WN,79,N749SW,103,130,86,-28,-1,MDW,PHL,668,5,12,0,,0,NA,NA,NA,NA,NA2008,1,6,7,1241,1245,1523,1545,WN,792,N415WN,102,120,86,-22,-4,MDW,PHL,668,5,11,0,,0,NA,NA,NA,NA,NA2008,1,6,7,1920,1845,2207,2145,WN,1136,N787SA,107,120,92,22,35,MDW,PHL,668,3,12,0,,0,18,0,0,0,42008,1,6,7,1738,1715,2019,2025,WN,2789,N258WN,101,130,85,-6,23,MDW,PHL,668,4,12,0,,0,NA,NA,NA,NA,NA2008,1,6,7,557,600,841,855,WN,3153,N214WN,104,115,89,-14,-3,MDW,PHL,668,5,10,0,,0,NA,NA,NA,NA,NA2008,1,6,7,933,935,1211,1230,WN,3757,N490WN,98,115,86,-19,-2,MDW,PHL,668,4,8,0,,0,NA,NA,NA,NA,NA2008,1,6,7,2210,2135,49,25,WN,3927,N719SW,99,110,83,24,35,MDW,PHL,668,6,10,0,,0,0,0,0,0,242008,1,6,7,837,815,1134,1105,WN,259,N241WN,237,230,222,29,22,MDW,PHX,1444,5,10,0,,0,0,0,7,0,222008,1,6,7,652,645,945,940,WN,616,N247WN,233,235,222,5,7,MDW,PHX,1444,4,7,0,,0,NA,NA,NA,NA,NA2008,1,6,7,1521,1510,1829,1805,WN,921,N414WN,248,235,221,24,11,MDW,PHX,1444,6,21,0,,0,10,0,13,0,12008,1,6,7,2014,2010,2302,2300,WN,1023,N219WN,228,230,219,2,4,MDW,PHX,1444,3,6,0,,0,NA,NA,NA,NA,NA2008,1,6,7,1734,1725,2042,2020,WN,1827,N257WN,248,235,231,22,9,MDW,PHX,1444,6,11,0,,0,9,0,13,0,02008,1,6,7,1245,1245,1553,1540,WN,1842,N715SW,248,235,225,13,0,MDW,PHX,1444,6,17,0,,0,NA,NA,NA,NA,NA2008,1,6,7,2213,2130,59,15,WN,3336,N454WN,226,225,213,44,43,MDW,PHX,1444,3,10,0,,0,8,0,1,0,352008,1,6,7,1009,1010,1306,1300,WN,3501,N420WN,237,230,222,6,-1,MDW,PHX,1444,6,9,0,,0,NA,NA,NA,NA,NA2008,1,6,7,1516,1515,1738,1730,WN,146,N504SW,82,75,62,8,1,MDW,PIT,402,6,14,0,,0,NA,NA,NA,NA,NA2008,1,6,7,2228,2050,37,2305,WN,337,N259WN,69,75,55,92,98,MDW,PIT,402,7,7,0,,0,7,0,0,0,852008,1,6,7,727,730,940,950,WN,1414,N699SW,73,80,59,-10,-3,MDW,PIT,402,5,9,0,,0,NA,NA,NA,NA,NA2008,1,6,7,1115,1115,1337,1330,WN,3170,N414WN,82,75,60,7,0,MDW,PIT,402,6,16,0,,0,NA,NA,NA,NA,NA2008,1,6,7,1838,1755,2054,2010,WN,3249,N454WN,76,75,59,44,43,MDW,PIT,402,7,10,0,,0,3,0,1,0,402008,1,6,7,650,650,958,955,WN,1064,N383SW,128,125,113,3,0,MDW,PVD,842,5,10,0,,0,NA,NA,NA,NA,NA2008,1,6,7,2102,2030,2350,2335,WN,2174,N769SW,108,125,97,15,32,MDW,PVD,842,3,8,0,,0,15,0,0,0,02008,1,6,7,1240,1235,1545,1540,WN,2974,N730SW,125,125,111,5,5,MDW,PVD,842,5,9,0,,0,NA,NA,NA,NA,NA2008,1,6,7,1816,1815,2123,2120,WN,3831,N391SW,127,125,107,3,1,MDW,PVD,842,6,14,0,,0,NA,NA,NA,NA,NA2008,1,6,7,1613,1515,1851,1805,WN,255,N736SA,98,110,83,46,58,MDW,RDU,632,5,10,0,,0,36,0,0,0,102008,1,6,7,1207,1210,1448,1455,WN,1429,N604SW,101,105,85,-7,-3,MDW,RDU,632,4,12,0,,0,NA,NA,NA,NA,NA2008,1,6,7,2121,2020,2354,2300,WN,3063,N271WN,93,100,80,54,61,MDW,RDU,632,4,9,0,,0,51,0,0,0,32008,1,6,7,1450,1435,1654,1650,WN,1276,N435WN,244,255,234,4,15,MDW,RNO,1680,4,6,0,,0,NA,NA,NA,NA,NA2008,1,6,7,1208,1210,1539,1600,WN,1218,N777QC,151,170,138,-21,-2,MDW,RSW,1105,4,9,0,,0,NA,NA,NA,NA,NA2008,1,6,7,2026,1955,2358,2340,WN,1558,N480WN,152,165,143,18,31,MDW,RSW,1105,3,6,0,,0,14,0,0,0,42008,1,6,7,911,915,1239,1305,WN,3413,N406WN,148,170,137,-26,-4,MDW,RSW,1105,4,7,0,,0,NA,NA,NA,NA,NA2008,1,6,7,1240,1240,1516,1505,WN,299,N208WN,276,265,260,11,0,MDW,SAN,1728,3,13,0,,0,NA,NA,NA,NA,NA2008,1,6,7,630,630,911,855,WN,339,N441WN,281,265,265,16,0,MDW,SAN,1728,3,13,0,,0,0,0,16,0,02008,1,6,7,855,820,1133,1045,WN,635,N423WN,278,265,263,48,35,MDW,SAN,1728,3,12,0,,0,4,0,13,0,312008,1,6,7,1500,1430,1736,1655,WN,1188,N748SW,276,265,260,41,30,MDW,SAN,1728,2,14,0,,0,15,0,11,0,152008,1,6,7,1910,1835,2151,2100,WN,2729,N783SW,281,265,269,51,35,MDW,SAN,1728,4,8,0,,0,16,0,16,0,192008,1,6,7,749,750,1026,1045,WN,511,N298WN,157,175,147,-19,-1,MDW,SAT,1036,2,8,0,,0,NA,NA,NA,NA,NA2008,1,6,7,1850,1845,2139,2140,WN,1394,N701GS,169,175,157,-1,5,MDW,SAT,1036,3,9,0,,0,NA,NA,NA,NA,NA2008,1,6,7,2122,2055,2320,2300,WN,74,N795SW,58,65,42,20,27,MDW,SDF,271,6,10,0,,0,16,0,0,0,42008,1,6,7,1802,1755,2014,2000,WN,693,N280WN,72,65,48,14,7,MDW,SDF,271,5,19,0,,0,NA,NA,NA,NA,NA2008,1,6,7,1437,1355,1635,1600,WN,821,N421LV,58,65,44,35,42,MDW,SDF,271,4,10,0,,0,6,0,0,0,292008,1,6,7,1102,1055,1313,1300,WN,2019,N333SW,71,65,50,13,7,MDW,SDF,271,4,17,0,,0,NA,NA,NA,NA,NA2008,1,6,7,2007,2000,2218,2230,WN,421,N901WN,251,270,234,-12,7,MDW,SEA,1733,9,8,0,,0,NA,NA,NA,NA,NA2008,1,6,7,1049,1040,1304,1310,WN,658,N494WN,255,270,242,-6,9,MDW,SEA,1733,4,9,0,,0,NA,NA,NA,NA,NA2008,1,6,7,801,755,1012,1025,WN,2702,N258WN,251,270,237,-13,6,MDW,SEA,1733,8,6,0,,0,NA,NA,NA,NA,NA2008,1,6,7,1948,1915,2235,2205,WN,1009,N784SW,287,290,260,30,33,MDW,SFO,1855,12,15,0,,0,30,0,0,0,02008,1,6,7,1310,1305,1552,1555,WN,1837,N705SW,282,290,268,-3,5,MDW,SFO,1855,3,11,0,,0,NA,NA,NA,NA,NA2008,1,6,7,958,950,1254,1240,WN,3846,N493WN,296,290,274,14,8,MDW,SFO,1855,10,12,0,,0,NA,NA,NA,NA,NA2008,1,6,7,741,735,1030,1020,WN,220,N487WN,289,285,278,10,6,MDW,SJC,1838,4,7,0,,0,NA,NA,NA,NA,NA2008,1,6,7,1844,1815,2121,2100,WN,2199,N415WN,277,285,267,21,29,MDW,SJC,1838,5,5,0,,0,21,0,0,0,02008,1,6,7,932,925,NA,1155,WN,151,N460WN,NA,210,NA,NA,7,MDW,SLC,1258,NA,6,0,,1,NA,NA,NA,NA,NA2008,1,6,7,1725,1640,1959,1910,WN,1662,N718SW,214,210,195,49,45,MDW,SLC,1258,9,10,0,,0,24,0,4,0,212008,1,6,7,1940,1930,2211,2200,WN,163,N746SW,271,270,250,11,10,MDW,SMF,1790,15,6,0,,0,NA,NA,NA,NA,NA2008,1,6,7,903,825,1134,1055,WN,3145,N438WN,271,270,257,39,38,MDW,SMF,1790,4,10,0,,0,15,0,1,0,232008,1,6,7,1020,1000,1119,1105,WN,29,N327SW,59,65,47,14,20,MDW,STL,251,3,9,0,,0,NA,NA,NA,NA,NA2008,1,6,7,1803,1755,1903,1900,WN,166,N761RR,60,65,46,3,8,MDW,STL,251,4,10,0,,0,NA,NA,NA,NA,NA2008,1,6,7,2132,2125,2231,2225,WN,393,N503SW,59,60,46,6,7,MDW,STL,251,3,10,0,,0,NA,NA,NA,NA,NA2008,1,6,7,1128,1105,1223,1210,WN,468,N617SW,55,65,43,13,23,MDW,STL,251,5,7,0,,0,NA,NA,NA,NA,NA2008,1,6,7,2033,1855,2130,2000,WN,490,N695SW,57,65,46,90,98,MDW,STL,251,3,8,0,,0,88,0,0,0,22008,1,6,7,NA,1555,NA,1700,WN,952,,NA,65,NA,NA,NA,MDW,STL,251,NA,NA,1,A,0,NA,NA,NA,NA,NA2008,1,6,7,804,805,911,910,WN,2177,N611SW,67,65,50,1,-1,MDW,STL,251,5,12,0,,0,NA,NA,NA,NA,NA2008,1,6,7,1503,1445,1603,1550,WN,2205,N346SW,60,65,47,13,18,MDW,STL,251,4,9,0,,0,NA,NA,NA,NA,NA2008,1,6,7,1714,1655,1815,1800,WN,2263,N640SW,61,65,49,15,19,MDW,STL,251,3,9,0,,0,6,0,0,0,92008,1,6,7,1313,1305,1415,1410,WN,2361,N747SA,62,65,47,5,8,MDW,STL,251,6,9,0,,0,NA,NA,NA,NA,NA2008,1,6,7,1739,1740,2103,2115,WN,26,N262WN,144,155,130,-12,-1,MDW,TPA,997,5,9,0,,0,NA,NA,NA,NA,NA2008,1,6,7,844,845,1201,1220,WN,89,N248WN,137,155,122,-19,-1,MDW,TPA,997,5,10,0,,0,NA,NA,NA,NA,NA2008,1,6,7,1400,1350,1720,1720,WN,477,N481WN,140,150,127,0,10,MDW,TPA,997,4,9,0,,0,NA,NA,NA,NA,NA2008,1,6,7,2128,2050,55,20,WN,514,N272WN,147,150,130,35,38,MDW,TPA,997,5,12,0,,0,8,0,0,0,272008,1,6,7,621,625,944,955,WN,651,N499WN,143,150,127,-11,-4,MDW,TPA,997,6,10,0,,0,NA,NA,NA,NA,NA2008,1,6,7,1622,1625,1954,2000,WN,1153,N609SW,152,155,135,-6,-3,MDW,TPA,997,4,13,0,,0,NA,NA,NA,NA,NA2008,1,6,7,1104,1040,1433,1410,WN,1847,N246LV,149,150,125,23,24,MDW,TPA,997,5,19,0,,0,0,0,0,14,92008,1,6,7,1106,1105,1417,1350,WN,280,N708SA,251,225,227,27,1,MDW,TUS,1440,3,21,0,,0,0,0,27,0,02008,1,6,7,1854,1845,2155,2130,WN,422,N278WN,241,225,228,25,9,MDW,TUS,1440,4,9,0,,0,0,0,16,0,92008,1,6,7,1200,1150,1316,1325,WN,145,N466WN,76,95,64,-9,10,MHT,BWI,377,4,8,0,,0,NA,NA,NA,NA,NA2008,1,6,7,1855,1900,2021,2035,WN,435,N507SW,86,95,61,-14,-5,MHT,BWI,377,14,11,0,,0,NA,NA,NA,NA,NA2008,1,6,7,1008,1010,1139,1145,WN,1061,N260WN,91,95,67,-6,-2,MHT,BWI,377,15,9,0,,0,NA,NA,NA,NA,NA2008,1,6,7,2137,2130,2256,2300,WN,2038,N618WN,79,90,66,-4,7,MHT,BWI,377,3,10,0,,0,NA,NA,NA,NA,NA2008,1,6,7,730,735,857,910,WN,2124,N607SW,87,95,70,-13,-5,MHT,BWI,377,5,12,0,,0,NA,NA,NA,NA,NA2008,1,6,7,859,855,1019,1025,WN,2266,N360SW,80,90,69,-6,4,MHT,BWI,377,4,7,0,,0,NA,NA,NA,NA,NA2008,1,6,7,1502,1445,1619,1620,WN,2437,N202WN,77,95,66,-1,17,MHT,BWI,377,2,9,0,,0,NA,NA,NA,NA,NA2008,1,6,7,1718,1715,1845,1850,WN,2611,N478WN,87,95,74,-5,3,MHT,BWI,377,2,11,0,,0,NA,NA,NA,NA,NA2008,1,6,7,1604,1555,1724,1730,WN,3226,N353SW,80,95,69,-6,9,MHT,BWI,377,3,8,0,,0,NA,NA,NA,NA,NA2008,1,6,7,1326,1305,1447,1435,WN,3691,N204WN,81,90,69,12,21,MHT,BWI,377,5,7,0,,0,NA,NA,NA,NA,NA2008,1,6,7,643,645,942,950,WN,2719,N764SW,359,365,345,-8,-2,MHT,LAS,2356,4,10,0,,0,NA,NA,NA,NA,NA2008,1,6,7,714,715,1008,1035,WN,586,N444WN,174,200,157,-27,-1,MHT,MCO,1142,8,9,0,,0,NA,NA,NA,NA,NA2008,1,6,7,1159,1135,1444,1500,WN,976,N488WN,165,205,151,-16,24,MHT,MCO,1142,7,7,0,,0,NA,NA,NA,NA,NA2008,1,6,7,940,940,1232,1305,WN,1933,N273WN,172,205,150,-33,0,MHT,MCO,1142,6,16,0,,0,NA,NA,NA,NA,NA2008,1,6,7,1718,1650,2004,2010,WN,2213,N789SW,166,200,148,-6,28,MHT,MCO,1142,8,10,0,,0,NA,NA,NA,NA,NA2008,1,6,7,2114,2115,2359,30,WN,3680,N240WN,165,195,152,-31,-1,MHT,MCO,1142,5,8,0,,0,NA,NA,NA,NA,NA2008,1,6,7,1004,1005,1126,1140,WN,813,N686SW,142,155,132,-14,-1,MHT,MDW,838,4,6,0,,0,NA,NA,NA,NA,NA2008,1,6,7,2107,2100,2229,2235,WN,2704,N608SW,142,155,127,-6,7,MHT,MDW,838,4,11,0,,0,NA,NA,NA,NA,NA2008,1,6,7,1814,1750,1942,1925,WN,2888,N695SW,148,155,125,17,24,MHT,MDW,838,15,8,0,,0,16,0,0,0,12008,1,6,7,1421,1410,1540,1545,WN,2900,N214WN,139,155,129,-5,11,MHT,MDW,838,3,7,0,,0,NA,NA,NA,NA,NA2008,1,6,7,659,620,823,800,WN,3145,N438WN,144,160,130,23,39,MHT,MDW,838,4,10,0,,0,23,0,0,0,02008,1,6,7,1715,1630,1825,1800,WN,312,N370SW,70,90,49,25,45,MHT,PHL,290,16,5,0,,0,14,0,0,0,112008,1,6,7,1425,1415,1540,1545,WN,1082,N698SW,75,90,63,-5,10,MHT,PHL,290,5,7,0,,0,NA,NA,NA,NA,NA2008,1,6,7,922,920,1035,1045,WN,2463,N744SW,73,85,62,-10,2,MHT,PHL,290,3,8,0,,0,NA,NA,NA,NA,NA2008,1,6,7,1228,1210,1345,1340,WN,3316,N452WN,77,90,61,5,18,MHT,PHL,290,6,10,0,,0,NA,NA,NA,NA,NA2008,1,6,7,1858,1855,2014,2025,WN,3685,N275WN,76,90,59,-11,3,MHT,PHL,290,6,11,0,,0,NA,NA,NA,NA,NA2008,1,6,7,1657,1635,2048,2030,WN,1033,N796SW,351,355,336,18,22,MHT,PHX,2279,5,10,0,,0,11,0,0,0,72008,1,6,7,801,755,1102,1125,WN,3241,N254WN,181,210,169,-23,6,MHT,TPA,1204,4,8,0,,0,NA,NA,NA,NA,NA2008,1,6,7,1354,1350,1656,1725,WN,3516,N429WN,182,215,158,-29,4,MHT,TPA,1204,16,8,0,,0,NA,NA,NA,NA,NA2008,1,6,7,1936,1920,2032,2035,WN,41,N772SW,56,75,48,-3,16,MSY,BHM,321,2,6,0,,0,NA,NA,NA,NA,NA2008,1,6,7,1134,1120,1235,1235,WN,521,N694SW,61,75,51,0,14,MSY,BHM,321,3,7,0,,0,NA,NA,NA,NA,NA2008,1,6,7,806,800,859,915,WN,1317,N637SW,53,75,46,-16,6,MSY,BHM,321,3,4,0,,0,NA,NA,NA,NA,NA2008,1,6,7,1616,1615,1733,1740,WN,762,N480WN,77,85,65,-7,1,MSY,BNA,471,4,8,0,,0,NA,NA,NA,NA,NA2008,1,6,7,735,735,900,855,WN,3676,N525SW,85,80,72,5,0,MSY,BNA,471,5,8,0,,0,NA,NA,NA,NA,NA2008,1,6,7,827,825,1149,1140,WN,432,N627SW,142,135,131,9,2,MSY,BWI,998,3,8,0,,0,NA,NA,NA,NA,NA2008,1,6,7,648,650,809,815,WN,110,N504SW,81,85,69,-6,-2,MSY,DAL,437,3,9,0,,0,NA,NA,NA,NA,NA2008,1,6,7,1745,1745,1903,1910,WN,426,N645SW,78,85,67,-7,0,MSY,DAL,437,4,7,0,,0,NA,NA,NA,NA,NA2008,1,6,7,915,855,1034,1020,WN,467,N209WN,79,85,67,14,20,MSY,DAL,437,3,9,0,,0,NA,NA,NA,NA,NA2008,1,6,7,1501,1505,1623,1630,WN,1936,N357SW,82,85,67,-7,-4,MSY,DAL,437,2,13,0,,0,NA,NA,NA,NA,NA2008,1,6,7,1204,1200,1322,1325,WN,2101,N416WN,78,85,66,-3,4,MSY,DAL,437,3,9,0,,0,NA,NA,NA,NA,NA2008,1,6,7,2036,2035,2150,2200,WN,3134,N313SW,74,85,64,-10,1,MSY,DAL,437,3,7,0,,0,NA,NA,NA,NA,NA2008,1,6,7,1216,1205,1458,1445,WN,1194,N648SW,102,100,89,13,11,MSY,FLL,673,2,11,0,,0,NA,NA,NA,NA,NA2008,1,6,7,1358,1355,1508,1505,WN,223,N439WN,70,70,48,3,3,MSY,HOU,303,6,16,0,,0,NA,NA,NA,NA,NA2008,1,6,7,1930,1930,2034,2040,WN,570,N639SW,64,70,49,-6,0,MSY,HOU,303,4,11,0,,0,NA,NA,NA,NA,NA2008,1,6,7,2056,2100,2152,2205,WN,623,N707SA,56,65,49,-13,-4,MSY,HOU,303,3,4,0,,0,NA,NA,NA,NA,NA2008,1,6,7,1136,1135,1234,1245,WN,689,N200WN,58,70,47,-11,1,MSY,HOU,303,4,7,0,,0,NA,NA,NA,NA,NA2008,1,6,7,623,625,720,735,WN,937,N624SW,57,70,50,-15,-2,MSY,HOU,303,2,5,0,,0,NA,NA,NA,NA,NA2008,1,6,7,1708,1645,1812,1755,WN,1192,N461WN,64,70,47,17,23,MSY,HOU,303,4,13,0,,0,3,0,0,0,142008,1,6,7,946,945,1044,1055,WN,1343,N514SW,58,70,48,-11,1,MSY,HOU,303,5,5,0,,0,NA,NA,NA,NA,NA2008,1,6,7,742,740,845,850,WN,1481,N292WN,63,70,51,-5,2,MSY,HOU,303,3,9,0,,0,NA,NA,NA,NA,NA2008,1,6,7,1856,1840,1959,1950,WN,1950,N252WN,63,70,51,9,16,MSY,HOU,303,4,8,0,,0,NA,NA,NA,NA,NA2008,1,6,7,905,905,1004,1015,WN,2089,N640SW,59,70,49,-11,0,MSY,HOU,303,4,6,0,,0,NA,NA,NA,NA,NA2008,1,6,7,1552,1540,1703,1650,WN,3321,N213WN,71,70,48,13,12,MSY,HOU,303,4,19,0,,0,NA,NA,NA,NA,NA2008,1,6,7,841,840,1037,1040,WN,125,N210WN,236,240,220,-3,1,MSY,LAS,1501,5,11,0,,0,NA,NA,NA,NA,NA2008,1,6,7,1643,1635,1837,1835,WN,1254,N793SA,234,240,218,2,8,MSY,LAS,1501,10,6,0,,0,NA,NA,NA,NA,NA2008,1,6,7,626,625,853,905,WN,458,N419WN,87,100,75,-12,1,MSY,MCO,550,6,6,0,,0,NA,NA,NA,NA,NA2008,1,6,7,1418,1400,1658,1640,WN,1170,N389SW,100,100,85,18,18,MSY,MCO,550,5,10,0,,0,2,0,0,0,162008,1,6,7,2017,2010,2255,2245,WN,2624,N379SW,98,95,80,10,7,MSY,MCO,550,5,13,0,,0,NA,NA,NA,NA,NA2008,1,6,7,1146,1145,1422,1425,WN,3067,N482WN,96,100,81,-3,1,MSY,MCO,550,8,7,0,,0,NA,NA,NA,NA,NA2008,1,6,7,1718,1645,1926,1855,WN,714,N758SW,128,130,114,31,33,MSY,MDW,825,5,9,0,,0,15,0,0,0,162008,1,6,7,1241,1230,1503,1510,WN,169,N550WN,202,220,185,-7,11,MSY,PHX,1301,7,10,0,,0,NA,NA,NA,NA,NA2008,1,6,7,1631,1610,1856,1830,WN,85,N364SW,85,80,68,26,21,MSY,TPA,487,5,12,0,,0,3,0,5,0,182008,1,6,7,1253,1240,1521,1505,WN,788,N477WN,88,85,69,16,13,MSY,TPA,487,3,16,0,,0,5,0,3,0,82008,1,6,7,655,655,918,920,WN,821,N676SW,83,85,71,-2,0,MSY,TPA,487,4,8,0,,0,NA,NA,NA,NA,NA2008,1,6,7,1106,1055,1420,1410,WN,45,N366SW,134,135,113,10,11,OAK,ABQ,889,7,14,0,,0,NA,NA,NA,NA,NA2008,1,6,7,706,700,1021,1015,WN,406,N621SW,135,135,116,6,6,OAK,ABQ,889,3,16,0,,0,NA,NA,NA,NA,NA2008,1,6,7,1933,1920,2234,2230,WN,527,N479WN,121,130,105,4,13,OAK,ABQ,889,4,12,0,,0,NA,NA,NA,NA,NA2008,1,6,7,1137,1120,1727,1730,WN,882,N723SW,230,250,215,-3,17,OAK,BNA,1959,5,10,0,,0,NA,NA,NA,NA,NA2008,1,6,7,1014,1010,1236,1240,WN,783,N361SW,82,90,69,-4,4,OAK,BOI,511,4,9,0,,0,NA,NA,NA,NA,NA2008,1,6,7,2027,1935,2250,2200,WN,2612,N431WN,83,85,70,50,52,OAK,BOI,511,3,10,0,,0,22,0,0,0,282008,1,6,7,1658,1615,1756,1720,WN,346,N309SW,58,65,48,36,43,OAK,BUR,325,1,9,0,,0,1,0,0,0,352008,1,6,7,1913,1855,2013,2000,WN,444,N371SW,60,65,45,13,18,OAK,BUR,325,2,13,0,,0,NA,NA,NA,NA,NA2008,1,6,7,1455,1445,1619,1550,WN,481,N430WN,84,65,45,29,10,OAK,BUR,325,25,14,0,,0,0,0,19,10,02008,1,6,7,1202,1135,1306,1240,WN,891,N233LV,64,65,46,26,27,OAK,BUR,325,2,16,0,,0,12,0,0,0,142008,1,6,7,2016,2015,2117,2120,WN,1150,N215WN,61,65,48,-3,1,OAK,BUR,325,3,10,0,,0,NA,NA,NA,NA,NA2008,1,6,7,1818,1705,1923,1810,WN,1219,N318SW,65,65,49,73,73,OAK,BUR,325,3,13,0,,0,0,0,0,0,732008,1,6,7,1614,1520,1716,1625,WN,1311,N684WN,62,65,48,51,54,OAK,BUR,325,1,13,0,,0,21,0,0,0,302008,1,6,7,947,940,1050,1045,WN,1867,N371SW,63,65,49,5,7,OAK,BUR,325,3,11,0,,0,NA,NA,NA,NA,NA2008,1,6,7,1356,1310,1456,1415,WN,2283,N634SW,60,65,47,41,46,OAK,BUR,325,2,11,0,,0,31,0,0,0,102008,1,6,7,1034,1035,1132,1140,WN,2459,N323SW,58,65,47,-8,-1,OAK,BUR,325,1,10,0,,0,NA,NA,NA,NA,NA2008,1,6,7,1750,1750,1849,1855,WN,2550,N744SW,59,65,48,-6,0,OAK,BUR,325,2,9,0,,0,NA,NA,NA,NA,NA2008,1,6,7,1344,1220,1441,1325,WN,2614,N253WN,57,65,45,76,84,OAK,BUR,325,1,11,0,,0,7,0,0,0,692008,1,6,7,2012,1930,2112,2035,WN,2732,N692SW,60,65,50,37,42,OAK,BUR,325,3,7,0,,0,0,0,0,0,372008,1,6,7,857,855,1000,1000,WN,3581,N315SW,63,65,48,0,2,OAK,BUR,325,2,13,0,,0,NA,NA,NA,NA,NA2008,1,6,7,2129,2050,2237,2155,WN,3589,N301SW,68,65,49,42,39,OAK,BUR,325,3,16,0,,0,0,0,3,15,242008,1,6,7,822,805,918,910,WN,3772,N446WN,56,65,46,8,17,OAK,BUR,325,2,8,0,,0,NA,NA,NA,NA,NA2008,1,6,7,1335,1310,1651,1635,WN,494,N448WN,136,145,113,16,25,OAK,DEN,957,12,11,0,,0,12,0,0,0,42008,1,6,7,1711,1650,2034,2015,WN,497,N742SW,143,145,114,19,21,OAK,DEN,957,10,19,0,,0,6,0,0,0,132008,1,6,7,1938,1910,2255,2235,WN,1426,N779SW,137,145,117,20,28,OAK,DEN,957,7,13,0,,0,4,0,0,0,162008,1,6,7,1027,1015,1347,1340,WN,1760,N603SW,140,145,119,7,12,OAK,DEN,957,7,14,0,,0,NA,NA,NA,NA,NA2008,1,6,7,2052,1940,2240,2140,WN,223,N439WN,108,120,94,60,72,OAK,GEG,723,4,10,0,,0,49,0,0,0,112008,1,6,7,954,935,1143,1135,WN,2639,N754SW,109,120,95,8,19,OAK,GEG,723,3,11,0,,0,NA,NA,NA,NA,NA2008,1,6,7,1626,1520,2154,2100,WN,78,N456WN,208,220,194,54,66,OAK,HOU,1642,3,11,0,,0,15,0,0,0,392008,1,6,7,1052,1050,1645,1630,WN,506,N411WN,233,220,212,15,2,OAK,HOU,1642,5,16,0,,0,0,0,15,0,02008,1,6,7,708,700,838,825,WN,233,N641SW,90,85,63,13,8,OAK,LAS,407,5,22,0,,0,NA,NA,NA,NA,NA2008,1,6,7,1554,1500,1709,1625,WN,302,N475WN,75,85,65,44,54,OAK,LAS,407,5,5,0,,0,27,0,0,0,172008,1,6,7,2301,2040,23,2205,WN,428,N367SW,82,85,56,138,141,OAK,LAS,407,6,20,0,,0,0,0,0,0,1382008,1,6,7,1300,1245,1417,1410,WN,500,N628SW,77,85,64,7,15,OAK,LAS,407,3,10,0,,0,NA,NA,NA,NA,NA2008,1,6,7,1023,1010,1136,1135,WN,752,N348SW,73,85,63,1,13,OAK,LAS,407,4,6,0,,0,NA,NA,NA,NA,NA2008,1,6,7,834,830,949,955,WN,762,N480WN,75,85,62,-6,4,OAK,LAS,407,6,7,0,,0,NA,NA,NA,NA,NA2008,1,6,7,2023,1945,2204,2105,WN,890,N488WN,101,80,66,59,38,OAK,LAS,407,26,9,0,,0,13,0,21,0,252008,1,6,7,1409,1355,1539,1520,WN,1585,N780SW,90,85,65,19,14,OAK,LAS,407,3,22,0,,0,5,0,5,0,92008,1,6,7,1215,1125,1345,1250,WN,1918,N614SW,90,85,66,55,50,OAK,LAS,407,5,19,0,,0,21,0,5,0,292008,1,6,7,626,625,740,750,WN,2448,N386SW,74,85,62,-10,1,OAK,LAS,407,4,8,0,,0,NA,NA,NA,NA,NA2008,1,6,7,1615,1540,1745,1705,WN,2632,N774SW,90,85,69,40,35,OAK,LAS,407,3,18,0,,0,18,0,5,0,172008,1,6,7,1708,1630,1829,1755,WN,3327,N735SA,81,85,61,34,38,OAK,LAS,407,5,15,0,,0,17,0,0,0,172008,1,6,7,2226,2120,2358,2245,WN,3396,N359SW,92,85,64,73,66,OAK,LAS,407,16,12,0,,0,27,0,7,0,392008,1,6,7,1818,1745,1947,1910,WN,3940,N496WN,89,85,62,37,33,OAK,LAS,407,15,12,0,,0,11,0,4,0,222008,1,6,7,1215,1200,1344,1315,WN,75,N315SW,89,75,53,29,15,OAK,LAX,337,8,28,0,,0,0,0,19,0,102008,1,6,7,908,900,1020,1020,WN,96,N380SW,72,80,53,0,8,OAK,LAX,337,5,14,0,,0,NA,NA,NA,NA,NA2008,1,6,7,659,700,800,815,WN,224,N765SW,61,75,51,-15,-1,OAK,LAX,337,3,7,0,,0,NA,NA,NA,NA,NA2008,1,6,7,1552,1530,1724,1645,WN,230,N376SW,92,75,50,39,22,OAK,LAX,337,22,20,0,,0,0,4,17,0,182008,1,6,7,2115,2000,2258,2120,WN,252,N305SW,103,80,82,98,75,OAK,LAX,337,12,9,0,,0,22,0,23,0,532008,1,6,7,838,830,955,945,WN,304,N342SW,77,75,56,10,8,OAK,LAX,337,5,16,0,,0,NA,NA,NA,NA,NA2008,1,6,7,NA,730,NA,845,WN,367,,NA,75,NA,NA,NA,OAK,LAX,337,NA,NA,1,A,0,NA,NA,NA,NA,NA2008,1,6,7,1556,1500,1739,1615,WN,495,N217JC,103,75,53,84,56,OAK,LAX,337,39,11,0,,0,23,0,28,0,332008,1,6,7,1318,1300,1424,1415,WN,746,N281WN,66,75,51,9,18,OAK,LAX,337,6,9,0,,0,NA,NA,NA,NA,NA2008,1,6,7,1826,1730,1941,1845,WN,925,N325SW,75,75,58,56,56,OAK,LAX,337,7,10,0,,0,29,0,0,0,272008,1,6,7,1420,1400,1530,1515,WN,1107,N446WN,70,75,54,15,20,OAK,LAX,337,4,12,0,,0,0,0,8,0,72008,1,6,7,2150,2100,2323,2215,WN,1192,N461WN,93,75,61,68,50,OAK,LAX,337,14,18,0,,0,0,0,34,0,342008,1,6,7,NA,1830,NA,1945,WN,1485,,NA,75,NA,NA,NA,OAK,LAX,337,NA,NA,1,A,0,NA,NA,NA,NA,NA2008,1,6,7,1627,1600,1749,1715,WN,1671,N382SW,82,75,54,34,27,OAK,LAX,337,7,21,0,,0,13,0,7,0,142008,1,6,7,1719,1700,1834,1815,WN,2208,N332SW,75,75,53,19,19,OAK,LAX,337,5,17,0,,0,0,0,18,0,12008,1,6,7,1032,1000,1143,1115,WN,2624,N379SW,71,75,55,28,32,OAK,LAX,337,5,11,0,,0,28,0,0,0,02008,1,6,7,1116,1100,1232,1215,WN,2733,N669SW,76,75,55,17,16,OAK,LAX,337,10,11,0,,0,12,0,1,0,42008,1,6,7,800,800,921,915,WN,3245,N737JW,81,75,51,6,0,OAK,LAX,337,6,24,0,,0,NA,NA,NA,NA,NA2008,1,6,7,1912,1800,2037,1915,WN,3394,N440LV,85,75,52,82,72,OAK,LAX,337,7,26,0,,0,72,0,10,0,02008,1,6,7,2057,1900,NA,2015,WN,3939,N658SW,NA,75,NA,NA,117,OAK,LAX,337,NA,17,0,,1,NA,NA,NA,NA,NA2008,1,6,7,815,755,1317,1320,WN,3320,N349SW,182,205,171,-3,20,OAK,MCI,1489,4,7,0,,0,NA,NA,NA,NA,NA2008,1,6,7,1444,1340,1943,1905,WN,3829,N225WN,179,205,168,38,64,OAK,MCI,1489,3,8,0,,0,17,0,0,0,212008,1,6,7,909,905,1456,1505,WN,79,N749SW,227,240,208,-9,4,OAK,MDW,1844,5,14,0,,0,NA,NA,NA,NA,NA2008,1,6,7,1505,1425,2054,2025,WN,514,N272WN,229,240,211,29,40,OAK,MDW,1844,7,11,0,,0,25,0,0,0,42008,1,6,7,615,610,1151,1215,WN,792,N415WN,216,245,203,-24,5,OAK,MDW,1844,4,9,0,,0,NA,NA,NA,NA,NA2008,1,6,7,1237,1210,1822,1815,WN,1136,N787SA,225,245,211,7,27,OAK,MDW,1844,4,10,0,,0,NA,NA,NA,NA,NA2008,1,6,7,1745,1715,2327,2310,WN,2091,N200WN,222,235,206,17,30,OAK,MDW,1844,4,12,0,,0,17,0,0,0,02008,1,6,7,1517,1445,1627,1555,WN,84,N647SW,70,70,54,32,32,OAK,ONT,361,4,12,0,,0,9,0,0,0,232008,1,6,7,1121,1115,1236,1225,WN,111,N312SW,75,70,52,11,6,OAK,ONT,361,6,17,0,,0,NA,NA,NA,NA,NA2008,1,6,7,2116,2000,2224,2115,WN,464,N465WN,68,75,53,69,76,OAK,ONT,361,5,10,0,,0,33,0,0,0,362008,1,6,7,2136,2050,2244,2205,WN,582,N323SW,68,75,54,39,46,OAK,ONT,361,6,8,0,,0,8,0,0,0,312008,1,6,7,1758,1705,1907,1820,WN,835,N708SA,69,75,51,47,53,OAK,ONT,361,5,13,0,,0,13,0,0,0,342008,1,6,7,1253,1245,1356,1400,WN,898,N785SW,63,75,51,-4,8,OAK,ONT,361,3,9,0,,0,NA,NA,NA,NA,NA2008,1,6,7,1906,1850,2019,2005,WN,988,N601WN,73,75,54,14,16,OAK,ONT,361,4,15,0,,0,NA,NA,NA,NA,NA2008,1,6,7,847,845,954,1000,WN,991,N469WN,67,75,55,-6,2,OAK,ONT,361,3,9,0,,0,NA,NA,NA,NA,NA2008,1,6,7,954,955,1106,1110,WN,2109,N634SW,72,75,56,-4,-1,OAK,ONT,361,4,12,0,,0,NA,NA,NA,NA,NA2008,1,6,7,731,730,841,845,WN,2808,N671SW,70,75,54,-4,1,OAK,ONT,361,3,13,0,,0,NA,NA,NA,NA,NA2008,1,6,7,1702,1540,1806,1655,WN,3765,N658SW,64,75,52,71,82,OAK,ONT,361,4,8,0,,0,15,0,0,0,562008,1,6,7,954,915,1121,1055,WN,286,N734SA,87,100,78,26,39,OAK,PDX,543,1,8,0,,0,26,0,0,0,02008,1,6,7,1725,1650,1904,1830,WN,430,N729SW,99,100,82,34,35,OAK,PDX,543,3,14,0,,0,2,0,0,0,322008,1,6,7,632,615,802,755,WN,491,N350SW,90,100,79,7,17,OAK,PDX,543,2,9,0,,0,NA,NA,NA,NA,NA2008,1,6,7,2237,2115,23,2255,WN,644,N437WN,106,100,83,88,82,OAK,PDX,543,4,19,0,,0,22,0,6,0,602008,1,6,7,2053,1940,2233,2120,WN,829,N220WN,100,100,83,73,73,OAK,PDX,543,3,14,0,,0,15,0,0,0,582008,1,6,7,1236,1215,1413,1355,WN,2011,N426WN,97,100,80,18,21,OAK,PDX,543,3,14,0,,0,13,0,0,0,52008,1,6,7,946,945,1226,1235,WN,116,N706SW,100,110,86,-9,1,OAK,PHX,646,6,8,0,,0,NA,NA,NA,NA,NA2008,1,6,7,2200,2050,38,2340,WN,190,N509SW,98,110,79,58,70,OAK,PHX,646,4,15,0,,0,13,0,0,0,452008,1,6,7,1811,1635,2046,1930,WN,753,N211WN,95,115,79,76,96,OAK,PHX,646,6,10,0,,0,16,0,0,0,602008,1,6,7,1323,1300,1600,1550,WN,933,N624SW,97,110,83,10,23,OAK,PHX,646,4,10,0,,0,NA,NA,NA,NA,NA2008,1,6,7,1854,1815,2151,2110,WN,1222,N390SW,117,115,82,41,39,OAK,PHX,646,20,15,0,,0,0,0,2,0,392008,1,6,7,1152,1125,1427,1415,WN,1686,N709SW,95,110,80,12,27,OAK,PHX,646,6,9,0,,0,NA,NA,NA,NA,NA2008,1,6,7,1621,1605,1707,1655,WN,985,N785SW,46,50,33,12,16,OAK,RNO,180,4,9,0,,0,NA,NA,NA,NA,NA2008,1,6,7,2055,2040,2141,2130,WN,1587,N291WN,46,50,31,11,15,OAK,RNO,180,5,10,0,,0,NA,NA,NA,NA,NA2008,1,6,7,753,740,841,830,WN,2113,N306SW,48,50,35,11,13,OAK,RNO,180,5,8,0,,0,NA,NA,NA,NA,NA2008,1,6,7,1315,1255,1408,1345,WN,3502,N301SW,53,50,34,23,20,OAK,RNO,180,6,13,0,,0,0,0,3,0,202008,1,6,7,1712,1650,1832,1815,WN,318,N417WN,80,85,59,17,22,OAK,SAN,446,4,17,0,,0,7,0,0,0,102008,1,6,7,809,800,925,925,WN,612,N795SW,76,85,62,0,9,OAK,SAN,446,2,12,0,,0,NA,NA,NA,NA,NA2008,1,6,7,1300,1250,1417,1410,WN,639,N288WN,77,80,61,7,10,OAK,SAN,446,3,13,0,,0,NA,NA,NA,NA,NA2008,1,6,7,1501,1430,1617,1550,WN,828,N312SW,76,80,61,27,31,OAK,SAN,446,3,12,0,,0,8,0,0,0,192008,1,6,7,1027,955,1147,1120,WN,1022,N689SW,80,85,64,27,32,OAK,SAN,446,3,13,0,,0,10,0,0,0,172008,1,6,7,1215,1140,1336,1305,WN,1065,N456WN,81,85,61,31,35,OAK,SAN,446,4,16,0,,0,13,0,0,0,182008,1,6,7,1904,1745,2015,1910,WN,1255,N470WN,71,85,58,65,79,OAK,SAN,446,4,9,0,,0,2,0,0,0,632008,1,6,7,2049,1930,2219,2055,WN,2269,N309SW,90,85,64,84,79,OAK,SAN,446,18,8,0,,0,26,0,5,0,532008,1,6,7,1603,1550,1718,1715,WN,2525,N431WN,75,85,61,3,13,OAK,SAN,446,3,11,0,,0,NA,NA,NA,NA,NA2008,1,6,7,1355,1330,1511,1455,WN,2719,N764SW,76,85,64,16,25,OAK,SAN,446,3,9,0,,0,4,0,0,0,122008,1,6,7,1702,1620,1822,1745,WN,2884,N465WN,80,85,67,37,42,OAK,SAN,446,2,11,0,,0,19,0,0,0,182008,1,6,7,730,730,846,855,WN,2982,N711HK,76,85,62,-9,0,OAK,SAN,446,3,11,0,,0,NA,NA,NA,NA,NA2008,1,6,7,2034,2010,2146,2135,WN,3058,N714CB,72,85,60,11,24,OAK,SAN,446,5,7,0,,0,NA,NA,NA,NA,NA2008,1,6,7,2002,1855,2123,2020,WN,3586,N335SW,81,85,69,63,67,OAK,SAN,446,3,9,0,,0,26,0,0,0,372008,1,6,7,1101,1040,1239,1205,WN,3590,N336SW,98,85,76,34,21,OAK,SAN,446,4,18,0,,0,0,0,13,2,192008,1,6,7,852,835,1013,1000,WN,3843,N509SW,81,85,66,13,17,OAK,SAN,446,4,11,0,,0,NA,NA,NA,NA,NA2008,1,6,7,1508,1415,1659,1615,WN,237,N434WN,111,120,94,44,53,OAK,SEA,671,4,13,0,,0,12,0,0,0,322008,1,6,7,1214,1145,1418,1345,WN,256,N688SW,124,120,105,33,29,OAK,SEA,671,5,14,0,,0,23,0,4,0,62008,1,6,7,855,850,1053,1050,WN,840,N255WN,118,120,100,3,5,OAK,SEA,671,7,11,0,,0,NA,NA,NA,NA,NA2008,1,6,7,1812,1735,2010,1935,WN,872,N249WN,118,120,102,35,37,OAK,SEA,671,4,12,0,,0,1,0,0,0,342008,1,6,7,948,945,1137,1150,WN,920,N430WN,109,125,92,-13,3,OAK,SEA,671,4,13,0,,0,NA,NA,NA,NA,NA2008,1,6,7,1740,1655,1936,1855,WN,1071,N358SW,116,120,99,41,45,OAK,SEA,671,4,13,0,,0,15,0,0,0,262008,1,6,7,2153,2055,2400,2255,WN,2730,N900WN,127,120,104,65,58,OAK,SEA,671,4,19,0,,0,21,0,7,0,372008,1,6,7,1342,1300,1620,1540,WN,125,N210WN,98,100,79,40,42,OAK,SLC,588,7,12,0,,0,35,0,0,0,52008,1,6,7,2153,2030,25,2310,WN,246,N902WN,92,100,75,75,83,OAK,SLC,588,3,14,0,,0,21,0,0,0,542008,1,6,7,715,655,954,945,WN,720,N405WN,99,110,81,9,20,OAK,SLC,588,5,13,0,,0,NA,NA,NA,NA,NA2008,1,6,7,1153,1015,1439,1300,WN,1678,N239WN,106,105,89,99,98,OAK,SLC,588,8,9,0,,0,0,0,94,0,52008,1,6,7,1714,1640,1950,1920,WN,2282,N492WN,96,100,77,30,34,OAK,SLC,588,6,13,0,,0,15,0,0,0,152008,1,6,7,1926,1850,2042,2010,WN,80,N260WN,76,80,54,32,36,OAK,SNA,371,6,16,0,,0,8,0,0,0,242008,1,6,7,2155,2105,2309,2225,WN,83,N241WN,74,80,52,44,50,OAK,SNA,371,4,18,0,,0,4,0,0,0,402008,1,6,7,1644,1630,1800,1750,WN,105,N433LV,76,80,63,10,14,OAK,SNA,371,4,9,0,,0,NA,NA,NA,NA,NA2008,1,6,7,1048,1045,1209,1205,WN,747,N218WN,81,80,56,4,3,OAK,SNA,371,4,21,0,,0,NA,NA,NA,NA,NA2008,1,6,7,1240,1220,1357,1340,WN,1854,N268WN,77,80,65,17,20,OAK,SNA,371,4,8,0,,0,2,0,0,0,152008,1,6,7,741,745,907,910,WN,2191,N473WN,86,85,62,-3,-4,OAK,SNA,371,14,10,0,,0,NA,NA,NA,NA,NA2008,1,6,7,839,840,1002,1000,WN,3657,N739GB,83,80,65,2,-1,OAK,SNA,371,5,13,0,,0,NA,NA,NA,NA,NA2008,1,6,7,1432,1405,1548,1525,WN,3766,N496WN,76,80,60,23,27,OAK,SNA,371,4,12,0,,0,0,0,0,0,232008,1,6,7,1815,1810,2058,2125,WN,3402,N673AA,103,135,89,-27,5,OAK,TUS,747,4,10,0,,0,NA,NA,NA,NA,NA2008,1,6,7,903,900,1237,1250,WN,128,N202WN,154,170,143,-13,3,OKC,BWI,1180,3,8,0,,0,NA,NA,NA,NA,NA2008,1,6,7,1155,1200,1242,1250,WN,102,N663SW,47,50,37,-8,-5,OKC,DAL,181,3,7,0,,0,NA,NA,NA,NA,NA2008,1,6,7,1007,1010,1055,1100,WN,1609,N623SW,48,50,38,-5,-3,OKC,DAL,181,3,7,0,,0,NA,NA,NA,NA,NA2008,1,6,7,1721,1655,1811,1745,WN,1760,N603SW,50,50,38,26,26,OKC,DAL,181,5,7,0,,0,0,0,0,0,262008,1,6,7,1930,1930,2021,2020,WN,2553,N660SW,51,50,40,1,0,OKC,DAL,181,3,8,0,,0,NA,NA,NA,NA,NA2008,1,6,7,1136,1130,1204,1205,WN,130,N658SW,88,95,76,-1,6,OKC,DEN,495,5,7,0,,0,NA,NA,NA,NA,NA2008,1,6,7,1912,1910,1948,1945,WN,900,N686SW,96,95,82,3,2,OKC,DEN,495,7,7,0,,0,NA,NA,NA,NA,NA2008,1,6,7,751,755,904,915,WN,215,N433LV,73,80,63,-11,-4,OKC,HOU,419,3,7,0,,0,NA,NA,NA,NA,NA2008,1,6,7,1253,1245,1420,1405,WN,449,N527SW,87,80,76,15,8,OKC,HOU,419,4,7,0,,0,6,0,7,0,22008,1,6,7,1617,1600,1746,1720,WN,940,N418WN,89,80,78,26,17,OKC,HOU,419,3,8,0,,0,6,0,9,0,112008,1,6,7,1909,1840,2033,2000,WN,3665,N523SW,84,80,73,33,29,OKC,HOU,419,4,7,0,,0,0,0,4,0,292008,1,6,7,1345,1340,1429,1425,WN,354,N630WN,164,165,154,4,5,OKC,LAS,987,3,7,0,,0,NA,NA,NA,NA,NA2008,1,6,7,1455,1455,1550,1600,WN,956,N646SW,55,65,45,-10,0,OKC,MCI,313,3,7,0,,0,NA,NA,NA,NA,NA2008,1,6,7,1906,1855,2001,2000,WN,1230,N725SW,55,65,43,1,11,OKC,MCI,313,4,8,0,,0,NA,NA,NA,NA,NA2008,1,6,7,1038,1040,1132,1145,WN,1916,N639SW,54,65,44,-13,-2,OKC,MCI,313,3,7,0,,0,NA,NA,NA,NA,NA2008,1,6,7,1650,1625,1816,1750,WN,303,N641SW,146,145,133,26,25,OKC,PHX,833,6,7,0,,0,0,0,1,0,252008,1,6,7,800,750,929,920,WN,483,N673AA,149,150,132,9,10,OKC,PHX,833,8,9,0,,0,NA,NA,NA,NA,NA2008,1,6,7,1329,1305,1452,1430,WN,877,N733SA,143,145,131,22,24,OKC,PHX,833,5,7,0,,0,19,0,0,0,32008,1,6,7,1638,1630,1748,1750,WN,86,N713SW,70,80,59,-2,8,OKC,STL,462,4,7,0,,0,NA,NA,NA,NA,NA2008,1,6,7,733,735,849,855,WN,547,N520SW,76,80,60,-6,-2,OKC,STL,462,5,11,0,,0,NA,NA,NA,NA,NA2008,1,6,7,711,710,824,810,WN,344,N395SW,193,180,181,14,1,OMA,LAS,1099,3,9,0,,0,NA,NA,NA,NA,NA2008,1,6,7,1748,1720,1842,1820,WN,484,N499WN,174,180,159,22,28,OMA,LAS,1099,7,8,0,,0,0,0,0,0,222008,1,6,7,1452,1245,1554,1345,WN,3917,N304SW,182,180,170,129,127,OMA,LAS,1099,5,7,0,,0,127,0,2,0,02008,1,6,7,1927,1920,2037,2040,WN,153,N331SW,70,80,61,-3,7,OMA,MDW,423,3,6,0,,0,NA,NA,NA,NA,NA2008,1,6,7,1003,810,1113,930,WN,671,N683SW,70,80,59,103,113,OMA,MDW,423,5,6,0,,0,103,0,0,0,02008,1,6,7,NA,1430,NA,1550,WN,1153,,NA,80,NA,NA,NA,OMA,MDW,423,NA,NA,1,A,0,NA,NA,NA,NA,NA2008,1,6,7,1105,1105,1224,1225,WN,1333,N652SW,79,80,60,-1,0,OMA,MDW,423,4,15,0,,0,NA,NA,NA,NA,NA2008,1,6,7,1813,1750,1939,1910,WN,3919,N755SA,86,80,67,29,23,OMA,MDW,423,8,11,0,,0,14,0,6,0,92008,1,6,7,1905,1905,2111,2100,WN,242,N712SW,186,175,165,11,0,OMA,PHX,1037,13,8,0,,0,NA,NA,NA,NA,NA2008,1,6,7,1153,1145,1351,1340,WN,555,N512SW,178,175,167,11,8,OMA,PHX,1037,5,6,0,,0,NA,NA,NA,NA,NA2008,1,6,7,926,925,1131,1120,WN,887,N228WN,185,175,166,11,1,OMA,PHX,1037,6,13,0,,0,NA,NA,NA,NA,NA2008,1,6,7,2108,1820,2208,1925,WN,479,N738CB,60,65,51,163,168,OMA,STL,342,3,6,0,,0,0,0,0,0,1632008,1,6,7,1238,1000,1342,1105,WN,2009,N626SW,64,65,54,157,158,OMA,STL,342,4,6,0,,0,157,0,0,0,02008,1,6,7,1450,1415,1551,1520,WN,2111,N499WN,61,65,52,31,35,OMA,STL,342,4,5,0,,0,6,0,0,0,252008,1,6,7,1053,1050,1621,1630,WN,879,N247WN,208,220,192,-9,3,ONT,BNA,1751,4,12,0,,0,NA,NA,NA,NA,NA2008,1,6,7,734,735,827,835,WN,113,N732SW,53,60,41,-8,-1,ONT,LAS,197,4,8,0,,0,NA,NA,NA,NA,NA2008,1,6,7,1516,1455,1615,1555,WN,239,N615SW,59,60,45,20,21,ONT,LAS,197,5,9,0,,0,0,0,20,0,02008,1,6,7,1817,1615,1915,1715,WN,564,N711HK,58,60,45,120,122,ONT,LAS,197,5,8,0,,0,11,0,0,0,1092008,1,6,7,928,915,1026,1015,WN,773,N321SW,58,60,44,11,13,ONT,LAS,197,7,7,0,,0,NA,NA,NA,NA,NA2008,1,6,7,2136,2100,2235,2200,WN,812,N282WN,59,60,41,35,36,ONT,LAS,197,5,13,0,,0,1,0,0,0,342008,1,6,7,817,815,906,915,WN,818,N401WN,49,60,41,-9,2,ONT,LAS,197,3,5,0,,0,NA,NA,NA,NA,NA2008,1,6,7,1030,1030,1138,1130,WN,991,N469WN,68,60,41,8,0,ONT,LAS,197,14,13,0,,0,NA,NA,NA,NA,NA2008,1,6,7,1305,1250,1403,1350,WN,1582,N394SW,58,60,46,13,15,ONT,LAS,197,6,6,0,,0,NA,NA,NA,NA,NA2008,1,6,7,1753,1730,1855,1830,WN,1583,N678AA,62,60,39,25,23,ONT,LAS,197,12,11,0,,0,6,0,2,0,172008,1,6,7,1922,1850,2027,1950,WN,3746,N497WN,65,60,46,37,32,ONT,LAS,197,4,15,0,,0,0,0,5,0,322008,1,6,7,822,825,933,945,WN,238,N348SW,71,80,60,-12,-3,ONT,OAK,361,5,6,0,,0,NA,NA,NA,NA,NA2008,1,6,7,1005,1005,1126,1120,WN,256,N688SW,81,75,70,6,0,ONT,OAK,361,4,7,0,,0,NA,NA,NA,NA,NA2008,1,6,7,1309,1250,1427,1405,WN,403,N312SW,78,75,69,22,19,ONT,OAK,361,4,5,0,,0,8,0,3,0,112008,1,6,7,1613,1555,1746,1710,WN,872,N249WN,93,75,71,36,18,ONT,OAK,361,4,18,0,,0,7,0,18,0,112008,1,6,7,1432,1425,1551,1540,WN,985,N785SW,79,75,69,11,7,ONT,OAK,361,3,7,0,,0,NA,NA,NA,NA,NA2008,1,6,7,2042,2030,2204,2145,WN,1075,N601WN,82,75,63,19,12,ONT,OAK,361,11,8,0,,0,0,0,7,0,122008,1,6,7,2257,2125,15,2240,WN,1480,N318SW,78,75,66,95,92,ONT,OAK,361,6,6,0,,0,4,0,3,0,882008,1,6,7,1136,1135,1301,1250,WN,2196,N634SW,85,75,72,11,1,ONT,OAK,361,5,8,0,,0,NA,NA,NA,NA,NA2008,1,6,7,2002,1920,2112,2035,WN,2730,N900WN,70,75,61,37,42,ONT,OAK,361,4,5,0,,0,8,0,0,0,292008,1,6,7,711,710,828,830,WN,2987,N749SW,77,80,59,-2,1,ONT,OAK,361,10,8,0,,0,NA,NA,NA,NA,NA2008,1,6,7,1846,1720,2011,1835,WN,3852,N658SW,85,75,71,96,86,ONT,OAK,361,5,9,0,,0,15,0,10,0,712008,1,6,7,1655,1625,1859,1835,WN,84,N647SW,64,70,49,24,30,ONT,PHX,325,6,9,0,,0,0,0,0,0,242008,1,6,7,1231,1205,1431,1415,WN,217,N642WN,60,70,50,16,26,ONT,PHX,325,5,5,0,,0,16,0,0,0,02008,1,6,7,1121,1120,1321,1330,WN,627,N284WN,60,70,48,-9,1,ONT,PHX,325,6,6,0,,0,NA,NA,NA,NA,NA2008,1,6,7,959,955,1203,1205,WN,647,N340LV,64,70,50,-2,4,ONT,PHX,325,6,8,0,,0,NA,NA,NA,NA,NA2008,1,6,7,1822,1745,2020,1955,WN,780,N288WN,58,70,46,25,37,ONT,PHX,325,3,9,0,,0,1,0,0,0,242008,1,6,7,1932,1840,2128,2045,WN,835,N708SA,56,65,45,43,52,ONT,PHX,325,7,4,0,,0,4,0,0,0,392008,1,6,7,1544,1445,1747,1655,WN,1424,N734SA,63,70,49,52,59,ONT,PHX,325,6,8,0,,0,9,0,0,0,432008,1,6,7,2115,2115,2313,2320,WN,2458,N270WN,58,65,44,-7,0,ONT,PHX,325,6,8,0,,0,NA,NA,NA,NA,NA2008,1,6,7,909,910,1124,1120,WN,2808,N671SW,75,70,54,4,-1,ONT,PHX,325,5,16,0,,0,NA,NA,NA,NA,NA2008,1,6,7,743,740,951,950,WN,3509,N264LV,68,70,49,1,3,ONT,PHX,325,9,10,0,,0,NA,NA,NA,NA,NA2008,1,6,7,1405,1400,1608,1610,WN,3854,N794SW,63,70,50,-2,5,ONT,PHX,325,5,8,0,,0,NA,NA,NA,NA,NA2008,1,6,7,1824,1820,1944,1930,WN,145,N466WN,80,70,61,14,4,ONT,SJC,333,4,15,0,,0,NA,NA,NA,NA,NA2008,1,6,7,1837,1725,1957,1835,WN,187,N307SW,80,70,65,82,72,ONT,SJC,333,5,10,0,,0,14,0,10,0,582008,1,6,7,1014,950,1127,1100,WN,344,N395SW,73,70,62,27,24,ONT,SJC,333,3,8,0,,0,7,0,3,0,172008,1,6,7,1211,1145,1320,1255,WN,906,N606SW,69,70,59,25,26,ONT,SJC,333,3,7,0,,0,10,0,0,0,152008,1,6,7,745,745,851,900,WN,2460,N467WN,66,75,57,-9,0,ONT,SJC,333,3,6,0,,0,NA,NA,NA,NA,NA2008,1,6,7,1349,1340,1459,1450,WN,2472,N644SW,70,70,62,9,9,ONT,SJC,333,3,5,0,,0,NA,NA,NA,NA,NA2008,1,6,7,1547,1515,1656,1625,WN,2645,N692SW,69,70,59,31,32,ONT,SJC,333,4,6,0,,0,9,0,0,0,222008,1,6,7,2116,2050,2231,2200,WN,3691,N204WN,75,70,64,31,26,ONT,SJC,333,5,6,0,,0,8,0,5,0,182008,1,6,7,716,715,832,835,WN,350,N615SW,76,80,66,-3,1,ONT,SMF,389,4,6,0,,0,NA,NA,NA,NA,NA2008,1,6,7,2246,2135,3,2250,WN,551,N465WN,77,75,69,73,71,ONT,SMF,389,3,5,0,,0,2,0,2,0,692008,1,6,7,1717,1610,1829,1730,WN,775,N336SW,72,80,63,59,67,ONT,SMF,389,4,5,0,,0,25,0,0,0,342008,1,6,7,1234,1155,1350,1310,WN,876,N237WN,76,75,65,40,39,ONT,SMF,389,4,7,0,,0,17,0,1,0,222008,1,6,7,2143,1800,2302,1920,WN,966,N250WN,79,80,65,222,223,ONT,SMF,389,6,8,0,,0,0,0,0,0,2222008,1,6,7,1422,1410,1543,1525,WN,1409,N678AA,81,75,68,18,12,ONT,SMF,389,4,9,0,,0,0,0,6,12,02008,1,6,7,1945,1925,2112,2045,WN,1679,N339SW,87,80,74,27,20,ONT,SMF,389,6,7,0,,0,5,0,7,0,152008,1,6,7,1420,1335,1538,1455,WN,2105,N682SW,78,80,67,43,45,ONT,SMF,389,4,7,0,,0,6,0,0,0,372008,1,6,7,1042,1040,1158,1200,WN,2201,N376SW,76,80,64,-2,2,ONT,SMF,389,4,8,0,,0,NA,NA,NA,NA,NA2008,1,6,7,2038,2010,2156,2130,WN,2901,N435WN,78,80,66,26,28,ONT,SMF,389,4,8,0,,0,8,0,0,0,182008,1,6,7,855,855,1008,1015,WN,3602,N272WN,73,80,64,-7,0,ONT,SMF,389,4,5,0,,0,NA,NA,NA,NA,NA2008,1,6,7,2029,2015,2119,2105,WN,549,N655WN,50,50,34,14,14,ORF,BWI,159,3,13,0,,0,NA,NA,NA,NA,NA2008,1,6,7,1751,1720,1845,1810,WN,1320,N238WN,54,50,38,35,31,ORF,BWI,159,5,11,0,,0,0,0,7,0,282008,1,6,7,1417,1420,1503,1510,WN,2362,N771SA,46,50,36,-7,-3,ORF,BWI,159,2,8,0,,0,NA,NA,NA,NA,NA2008,1,6,7,1016,1010,1107,1100,WN,3604,N204WN,51,50,40,7,6,ORF,BWI,159,4,7,0,,0,NA,NA,NA,NA,NA2008,1,6,7,736,720,821,810,WN,3679,N496WN,45,50,34,11,16,ORF,BWI,159,4,7,0,,0,NA,NA,NA,NA,NA2008,1,6,7,653,655,835,840,WN,1574,N650SW,102,105,83,-5,-2,ORF,JAX,543,9,10,0,,0,NA,NA,NA,NA,NA2008,1,6,7,1643,1640,1818,1825,WN,2019,N333SW,95,105,74,-7,3,ORF,JAX,543,9,12,0,,0,NA,NA,NA,NA,NA2008,1,6,7,1229,1210,1501,1445,WN,2363,N453WN,332,335,316,16,19,ORF,LAS,2155,7,9,0,,0,5,0,0,0,112008,1,6,7,912,915,1100,1120,WN,1134,N610WN,108,125,88,-20,-3,ORF,MCO,655,11,9,0,,0,NA,NA,NA,NA,NA2008,1,6,7,2009,1835,2146,2040,WN,1828,N683SW,97,125,86,66,94,ORF,MCO,655,4,7,0,,0,0,0,0,0,662008,1,6,7,711,630,821,750,WN,635,N423WN,130,140,113,31,41,ORF,MDW,704,4,13,0,,0,0,31,0,0,02008,1,6,7,1714,1650,1824,1805,WN,2729,N783SW,130,135,117,19,24,ORF,MDW,704,5,8,0,,0,0,0,0,0,192008,1,6,7,1341,1320,1532,1535,WN,48,N310SW,111,135,98,-3,21,ORF,TPA,717,4,9,0,,0,NA,NA,NA,NA,NA2008,1,6,7,1952,1950,2208,2210,WN,165,N491WN,136,140,125,-2,2,PBI,BWI,883,3,8,0,,0,NA,NA,NA,NA,NA2008,1,6,7,645,645,859,905,WN,896,N725SW,134,140,119,-6,0,PBI,BWI,883,5,10,0,,0,NA,NA,NA,NA,NA2008,1,6,7,1559,1600,1819,1825,WN,1143,N600WN,140,145,124,-6,-1,PBI,BWI,883,5,11,0,,0,NA,NA,NA,NA,NA2008,1,6,7,1050,1050,1259,1310,WN,3406,N404WN,129,140,119,-11,0,PBI,BWI,883,4,6,0,,0,NA,NA,NA,NA,NA2008,1,6,7,721,720,950,1000,WN,1157,N613SW,149,160,138,-10,1,PBI,ISP,1052,3,8,0,,0,NA,NA,NA,NA,NA2008,1,6,7,1838,1840,2120,2115,WN,1425,N791SW,162,155,149,5,-2,PBI,ISP,1052,4,9,0,,0,NA,NA,NA,NA,NA2008,1,6,7,1144,1145,1427,1425,WN,2466,N660SW,163,160,150,2,-1,PBI,ISP,1052,3,10,0,,0,NA,NA,NA,NA,NA2008,1,6,7,737,730,1000,1005,WN,289,N672SW,143,155,127,-5,7,PBI,PHL,951,6,10,0,,0,NA,NA,NA,NA,NA2008,1,6,7,1512,1455,1758,1730,WN,820,N653SW,166,155,140,28,17,PBI,PHL,951,5,21,0,,0,8,0,11,0,92008,1,6,7,1813,1805,1858,1855,WN,174,N343SW,45,50,32,3,8,PBI,TPA,174,3,10,0,,0,NA,NA,NA,NA,NA2008,1,6,7,1009,1010,1058,1100,WN,3311,N222WN,49,50,35,-2,-1,PBI,TPA,174,3,11,0,,0,NA,NA,NA,NA,NA2008,1,6,7,1357,1400,1448,1450,WN,3686,N387SW,51,50,38,-2,-3,PBI,TPA,174,3,10,0,,0,NA,NA,NA,NA,NA2008,1,6,7,1053,1045,1422,1415,WN,3425,N463WN,149,150,133,7,8,PDX,ABQ,1111,5,11,0,,0,NA,NA,NA,NA,NA2008,1,6,7,1354,1320,1552,1525,WN,2377,N320SW,58,65,50,27,34,PDX,BOI,344,3,5,0,,0,3,0,0,0,242008,1,6,7,634,635,835,840,WN,2810,N498WN,61,65,46,-5,-1,PDX,BOI,344,6,9,0,,0,NA,NA,NA,NA,NA2008,1,6,7,1639,1610,1835,1810,WN,2991,N622SW,56,60,46,25,29,PDX,BOI,344,3,7,0,,0,0,0,0,0,252008,1,6,7,823,815,923,915,WN,491,N350SW,60,60,46,8,8,PDX,GEG,279,7,7,0,,0,NA,NA,NA,NA,NA2008,1,6,7,1548,1525,1642,1620,WN,705,N633SW,54,55,46,22,23,PDX,GEG,279,3,5,0,,0,5,0,0,0,172008,1,6,7,1301,1255,1352,1355,WN,2121,N332SW,51,60,43,-3,6,PDX,GEG,279,2,6,0,,0,NA,NA,NA,NA,NA2008,1,6,7,2157,2050,2245,2150,WN,3155,N227WN,48,60,38,55,67,PDX,GEG,279,4,6,0,,0,7,0,0,0,482008,1,6,7,908,905,1105,1110,WN,86,N713SW,117,125,104,-5,3,PDX,LAS,762,4,9,0,,0,NA,NA,NA,NA,NA2008,1,6,7,2138,2035,2337,2235,WN,874,N374SW,119,120,107,62,63,PDX,LAS,762,4,8,0,,0,10,0,0,0,522008,1,6,7,1531,1500,1738,1705,WN,2186,N661SW,127,125,112,33,31,PDX,LAS,762,9,6,0,,0,7,0,2,0,242008,1,6,7,1103,1055,1301,1300,WN,3070,N615SW,118,125,105,1,8,PDX,LAS,762,6,7,0,,0,NA,NA,NA,NA,NA2008,1,6,7,1024,1015,1525,1535,WN,2010,N407WN,181,200,170,-10,9,PDX,MCI,1481,4,7,0,,0,NA,NA,NA,NA,NA2008,1,6,7,739,735,1309,1330,WN,1206,N767SW,210,235,200,-21,4,PDX,MDW,1751,3,7,0,,0,NA,NA,NA,NA,NA2008,1,6,7,1506,1335,2047,1925,WN,3228,N426WN,221,230,210,82,91,PDX,MDW,1751,5,6,0,,0,0,0,0,0,822008,1,6,7,2059,2025,2224,2205,WN,447,N477WN,85,100,72,19,34,PDX,OAK,543,5,8,0,,0,4,0,0,0,152008,1,6,7,1925,1840,2101,2025,WN,582,N323SW,96,105,79,36,45,PDX,OAK,543,8,9,0,,0,6,0,0,0,302008,1,6,7,1555,1425,1721,1605,WN,753,N211WN,86,100,74,76,90,PDX,OAK,543,6,6,0,,0,61,0,0,0,152008,1,6,7,1205,1140,1329,1320,WN,1585,N780SW,84,100,74,9,25,PDX,OAK,543,4,6,0,,0,NA,NA,NA,NA,NA2008,1,6,7,829,825,1004,1010,WN,2459,N323SW,95,105,78,-6,4,PDX,OAK,543,8,9,0,,0,NA,NA,NA,NA,NA2008,1,6,7,1111,1105,1437,1435,WN,451,N352SW,146,150,135,2,6,PDX,PHX,1009,4,7,0,,0,NA,NA,NA,NA,NA2008,1,6,7,1947,1850,2303,2220,WN,789,N729SW,136,150,126,43,57,PDX,PHX,1009,3,7,0,,0,17,0,0,0,262008,1,6,7,942,940,1054,1100,WN,397,N498WN,72,80,59,-6,2,PDX,RNO,444,5,8,0,,0,NA,NA,NA,NA,NA2008,1,6,7,2056,1940,2203,2055,WN,1939,N717SA,67,75,56,68,76,PDX,RNO,444,4,7,0,,0,7,0,0,0,612008,1,6,7,600,600,713,720,WN,1940,N329SW,73,80,61,-7,0,PDX,RNO,444,5,7,0,,0,NA,NA,NA,NA,NA2008,1,6,7,1510,1420,1625,1540,WN,3513,N311SW,75,80,62,45,50,PDX,RNO,444,6,7,0,,0,17,0,0,0,282008,1,6,7,2012,1925,2149,2110,WN,625,N352SW,97,105,83,39,47,PDX,SJC,569,3,11,0,,0,12,0,0,0,272008,1,6,7,700,700,834,850,WN,2114,N376SW,94,110,81,-16,0,PDX,SJC,569,3,10,0,,0,NA,NA,NA,NA,NA2008,1,6,7,1713,1550,1845,1735,WN,2441,N459WN,92,105,81,70,83,PDX,SJC,569,4,7,0,,0,70,0,0,0,02008,1,6,7,1202,1135,1336,1320,WN,2558,N692SW,94,105,85,16,27,PDX,SJC,569,3,6,0,,0,6,0,0,0,102008,1,6,7,2028,1740,2303,2025,WN,159,N693SW,95,105,86,158,168,PDX,SLC,630,3,6,0,,0,11,0,0,0,1472008,1,6,7,1153,1045,1443,1330,WN,1756,N451WN,110,105,95,73,68,PDX,SLC,630,8,7,0,,0,0,68,5,0,02008,1,6,7,706,705,951,950,WN,2549,N738CB,105,105,89,1,1,PDX,SLC,630,6,10,0,,0,NA,NA,NA,NA,NA2008,1,6,7,1324,1315,1444,1440,WN,71,N397SW,80,85,69,4,9,PDX,SMF,479,4,7,0,,0,NA,NA,NA,NA,NA2008,1,6,7,838,835,955,1000,WN,505,N468WN,77,85,65,-5,3,PDX,SMF,479,4,8,0,,0,NA,NA,NA,NA,NA2008,1,6,7,1219,1120,1335,1245,WN,1424,N734SA,76,85,66,50,59,PDX,SMF,479,4,6,0,,0,28,0,0,0,222008,1,6,7,746,745,904,910,WN,1668,N341SW,78,85,66,-6,1,PDX,SMF,479,5,7,0,,0,NA,NA,NA,NA,NA2008,1,6,7,1937,1840,2052,2005,WN,2807,N350SW,75,85,66,47,57,PDX,SMF,479,3,6,0,,0,10,0,0,0,372008,1,6,7,2137,2045,2251,2210,WN,2890,N756SA,74,85,62,41,52,PDX,SMF,479,5,7,0,,0,32,0,0,0,92008,1,6,7,1601,1515,1721,1640,WN,3659,N497WN,80,85,65,41,46,PDX,SMF,479,4,11,0,,0,0,0,0,0,412008,1,6,7,1809,1805,1917,1935,WN,3334,N654SW,128,150,99,-18,4,PHL,BNA,675,4,25,0,,0,NA,NA,NA,NA,NA2008,1,6,7,654,645,748,805,WN,3767,N794SW,114,140,99,-17,9,PHL,BNA,675,4,11,0,,0,NA,NA,NA,NA,NA2008,1,6,7,1310,1310,1404,1440,WN,3839,N293,114,150,101,-36,0,PHL,BNA,675,5,8,0,,0,NA,NA,NA,NA,NA2008,1,6,7,2005,2010,2120,2155,WN,384,N287WN,75,105,62,-35,-5,PHL,CMH,405,3,10,0,,0,NA,NA,NA,NA,NA2008,1,6,7,1448,1435,1611,1615,WN,725,N282WN,83,100,69,-4,13,PHL,CMH,405,5,9,0,,0,NA,NA,NA,NA,NA2008,1,6,7,1208,1205,1433,1510,WN,462,N655WN,145,185,130,-37,3,PHL,FLL,992,3,12,0,,0,NA,NA,NA,NA,NA2008,1,6,7,1944,1845,2208,2145,WN,1589,N602SW,144,180,131,23,59,PHL,FLL,992,4,9,0,,0,5,0,0,0,182008,1,6,7,853,850,1130,1155,WN,1849,N357SW,157,185,142,-25,3,PHL,FLL,992,3,12,0,,0,NA,NA,NA,NA,NA2008,1,6,7,1042,1040,1302,1340,WN,32,N201LV,200,240,180,-38,2,PHL,HOU,1335,8,12,0,,0,NA,NA,NA,NA,NA2008,1,6,7,1759,1735,2031,2035,WN,1410,N631SW,212,240,189,-4,24,PHL,HOU,1335,4,19,0,,0,NA,NA,NA,NA,NA2008,1,6,7,753,800,1003,1030,WN,1683,N267WN,130,150,106,-27,-7,PHL,JAX,742,8,16,0,,0,NA,NA,NA,NA,NA2008,1,6,7,2002,1915,2155,2135,WN,1772,N623SW,113,140,98,20,47,PHL,JAX,742,5,10,0,,0,4,0,0,0,162008,1,6,7,936,935,1213,1220,WN,784,N750SA,337,345,321,-7,1,PHL,LAS,2176,4,12,0,,0,NA,NA,NA,NA,NA2008,1,6,7,1431,1410,1703,1655,WN,3316,N452WN,332,345,314,8,21,PHL,LAS,2176,4,14,0,,0,NA,NA,NA,NA,NA2008,1,6,7,1552,1545,1801,1825,WN,455,N385SW,129,160,110,-24,7,PHL,MCO,861,5,14,0,,0,NA,NA,NA,NA,NA2008,1,6,7,942,940,1203,1235,WN,687,N335SW,141,175,115,-32,2,PHL,MCO,861,8,18,0,,0,NA,NA,NA,NA,NA2008,1,6,7,1832,1755,2055,2040,WN,907,N653SW,143,165,111,15,37,PHL,MCO,861,7,25,0,,0,3,0,0,0,122008,1,6,7,1311,1310,1522,1550,WN,1319,N685SW,131,160,112,-28,1,PHL,MCO,861,9,10,0,,0,NA,NA,NA,NA,NA2008,1,6,7,2043,2045,2302,2330,WN,2876,N258WN,139,165,108,-28,-2,PHL,MCO,861,7,24,0,,0,NA,NA,NA,NA,NA2008,1,6,7,1045,1035,1256,1330,WN,2995,N672SW,131,175,113,-34,10,PHL,MCO,861,6,12,0,,0,NA,NA,NA,NA,NA2008,1,6,7,714,710,816,830,WN,142,N268WN,122,140,104,-14,4,PHL,MDW,668,4,14,0,,0,NA,NA,NA,NA,NA2008,1,6,7,1520,1505,1629,1630,WN,201,N294WN,129,145,118,-1,15,PHL,MDW,668,3,8,0,,0,NA,NA,NA,NA,NA2008,1,6,7,705,620,806,740,WN,259,N241WN,121,140,108,26,45,PHL,MDW,668,4,9,0,,0,0,0,26,0,02008,1,6,7,2039,2040,2143,2205,WN,370,N441WN,124,145,104,-22,-1,PHL,MDW,668,4,16,0,,0,NA,NA,NA,NA,NA2008,1,6,7,1902,1905,2005,2030,WN,587,N290WN,123,145,99,-25,-3,PHL,MDW,668,5,19,0,,0,NA,NA,NA,NA,NA2008,1,6,7,1618,1620,1719,1745,WN,2199,N415WN,121,145,106,-26,-2,PHL,MDW,668,5,10,0,,0,NA,NA,NA,NA,NA2008,1,6,7,946,945,1100,1110,WN,2979,N797MX,134,145,109,-10,1,PHL,MDW,668,3,22,0,,0,NA,NA,NA,NA,NA2008,1,6,7,1252,1255,1352,1410,WN,3844,N490WN,120,135,109,-18,-3,PHL,MDW,668,2,9,0,,0,NA,NA,NA,NA,NA2008,1,6,7,1011,1010,1133,1130,WN,81,N466WN,82,80,49,3,1,PHL,MHT,290,4,29,0,,0,NA,NA,NA,NA,NA2008,1,6,7,1711,1710,1819,1835,WN,348,N507SW,68,85,52,-16,1,PHL,MHT,290,5,11,0,,0,NA,NA,NA,NA,NA2008,1,6,7,1515,1500,1630,1610,WN,434,N370SW,75,70,55,20,15,PHL,MHT,290,3,17,0,,0,1,0,5,0,142008,1,6,7,745,745,856,900,WN,487,N744SW,71,75,49,-4,0,PHL,MHT,290,3,19,0,,0,NA,NA,NA,NA,NA2008,1,6,7,2021,2010,2129,2135,WN,548,N650SW,68,85,52,-6,11,PHL,MHT,290,5,11,0,,0,NA,NA,NA,NA,NA2008,1,6,7,1238,1240,1343,1350,WN,2964,N214WN,65,70,52,-7,-2,PHL,MHT,290,3,10,0,,0,NA,NA,NA,NA,NA2008,1,6,7,1517,1520,1732,1815,WN,1338,N791SW,135,175,122,-43,-3,PHL,PBI,951,4,9,0,,0,NA,NA,NA,NA,NA2008,1,6,7,828,825,1054,1120,WN,2379,N660SW,146,175,132,-26,3,PHL,PBI,951,5,9,0,,0,NA,NA,NA,NA,NA2008,1,6,7,1633,1630,1957,2005,WN,262,N412WN,324,335,307,-8,3,PHL,PHX,2075,5,12,0,,0,NA,NA,NA,NA,NA2008,1,6,7,1051,1045,1409,1425,WN,3240,N735SA,318,340,305,-16,6,PHL,PHX,2075,5,8,0,,0,NA,NA,NA,NA,NA2008,1,6,7,1047,1045,1144,1200,WN,17,N223WN,57,75,43,-16,2,PHL,PIT,267,5,9,0,,0,NA,NA,NA,NA,NA2008,1,6,7,1645,1635,1759,1750,WN,461,N650SW,74,75,58,9,10,PHL,PIT,267,5,11,0,,0,NA,NA,NA,NA,NA2008,1,6,7,1921,1915,2030,2040,WN,1121,N749SW,69,85,46,-10,6,PHL,PIT,267,6,17,0,,0,NA,NA,NA,NA,NA2008,1,6,7,1338,1315,1442,1430,WN,1574,N650SW,64,75,48,12,23,PHL,PIT,267,6,10,0,,0,NA,NA,NA,NA,NA2008,1,6,7,2226,2120,2324,2240,WN,2200,N306SW,58,80,45,44,66,PHL,PIT,267,4,9,0,,0,15,0,0,0,292008,1,6,7,915,915,1013,1035,WN,2877,N214WN,58,80,43,-22,0,PHL,PIT,267,6,9,0,,0,NA,NA,NA,NA,NA2008,1,6,7,2029,1955,2128,2100,WN,31,N289CT,59,65,45,28,34,PHL,PVD,238,5,9,0,,0,2,0,0,0,262008,1,6,7,1213,1205,1310,1315,WN,476,N791SW,57,70,42,-5,8,PHL,PVD,238,6,9,0,,0,NA,NA,NA,NA,NA2008,1,6,7,1432,1415,1533,1520,WN,1236,N631SW,61,65,44,13,17,PHL,PVD,238,5,12,0,,0,NA,NA,NA,NA,NA2008,1,6,7,953,955,1057,1105,WN,1588,N685SW,64,70,42,-8,-2,PHL,PVD,238,5,17,0,,0,NA,NA,NA,NA,NA2008,1,6,7,1715,1715,1818,1825,WN,3493,N404WN,63,70,46,-7,0,PHL,PVD,238,6,11,0,,0,NA,NA,NA,NA,NA2008,1,6,7,1856,1825,2006,2000,WN,312,N370SW,70,95,56,6,31,PHL,RDU,336,3,11,0,,0,NA,NA,NA,NA,NA2008,1,6,7,1538,1535,1648,1700,WN,563,N251WN,70,85,53,-12,3,PHL,RDU,336,5,12,0,,0,NA,NA,NA,NA,NA2008,1,6,7,830,835,940,1000,WN,2293,N296WN,70,85,51,-20,-5,PHL,RDU,336,3,16,0,,0,NA,NA,NA,NA,NA2008,1,6,7,1108,1110,1213,1250,WN,2463,N744SW,65,100,52,-37,-2,PHL,RDU,336,3,10,0,,0,NA,NA,NA,NA,NA2008,1,6,7,2043,2045,2201,2220,WN,3685,N275WN,78,95,52,-19,-2,PHL,RDU,336,4,22,0,,0,NA,NA,NA,NA,NA2008,1,6,7,1619,1615,1901,1920,WN,1082,N698SW,162,185,141,-19,4,PHL,RSW,992,3,18,0,,0,NA,NA,NA,NA,NA2008,1,6,7,1006,1005,1242,1300,WN,723,N351SW,156,175,125,-18,1,PHL,TPA,920,4,27,0,,0,NA,NA,NA,NA,NA2008,1,6,7,2031,1925,2254,2220,WN,929,N369SW,143,175,129,34,66,PHL,TPA,920,2,12,0,,0,7,0,0,0,272008,1,6,7,1410,1405,1631,1655,WN,998,N753SW,141,170,123,-24,5,PHL,TPA,920,6,12,0,,0,NA,NA,NA,NA,NA2008,1,6,7,618,620,846,915,WN,2985,N479WN,148,175,131,-29,-2,PHL,TPA,920,5,12,0,,0,NA,NA,NA,NA,NA2008,1,6,7,2213,2155,2306,2255,WN,408,N337SW,53,60,42,11,18,PHX,ABQ,328,4,7,0,,0,NA,NA,NA,NA,NA2008,1,6,7,1427,1405,1524,1505,WN,555,N512SW,57,60,48,19,22,PHX,ABQ,328,4,5,0,,0,0,0,0,10,92008,1,6,7,1232,1230,1329,1335,WN,647,N340LV,57,65,46,-6,2,PHX,ABQ,328,4,7,0,,0,NA,NA,NA,NA,NA2008,1,6,7,1740,1720,1832,1825,WN,746,N281WN,52,65,41,7,20,PHX,ABQ,328,5,6,0,,0,NA,NA,NA,NA,NA2008,1,6,7,1119,1110,1220,1220,WN,1241,N256WN,61,70,47,0,9,PHX,ABQ,328,4,10,0,,0,NA,NA,NA,NA,NA2008,1,6,7,2103,1955,2202,2100,WN,1415,N642WN,59,65,43,62,68,PHX,ABQ,328,4,12,0,,0,9,0,0,0,532008,1,6,7,1509,1450,1614,1550,WN,2374,N378SW,65,60,46,24,19,PHX,ABQ,328,3,16,0,,0,13,0,5,0,62008,1,6,7,1818,1630,1924,1730,WN,2614,N265WN,66,60,44,114,108,PHX,ABQ,328,9,13,0,,0,0,0,6,0,1082008,1,6,7,NA,950,NA,1050,WN,2787,,NA,60,NA,NA,NA,PHX,ABQ,328,NA,NA,1,A,0,NA,NA,NA,NA,NA2008,1,6,7,810,810,904,915,WN,3421,N511SW,54,65,45,-11,0,PHX,ABQ,328,3,6,0,,0,NA,NA,NA,NA,NA2008,1,6,7,1117,1105,1418,1420,WN,154,N486WN,121,135,109,-2,12,PHX,AUS,872,1,11,0,,0,NA,NA,NA,NA,NA2008,1,6,7,2114,2015,6,2320,WN,780,N288WN,112,125,100,46,59,PHX,AUS,872,4,8,0,,0,26,0,0,0,202008,1,6,7,1609,1600,1902,1910,WN,3409,N522SW,113,130,105,-8,9,PHX,AUS,872,3,5,0,,0,NA,NA,NA,NA,NA2008,1,6,7,852,840,1151,1150,WN,3949,N334SW,119,130,110,1,12,PHX,AUS,872,4,5,0,,0,NA,NA,NA,NA,NA2008,1,6,7,2050,1935,37,2340,WN,1214,N782SA,167,185,156,57,75,PHX,BHM,1455,2,9,0,,0,6,0,0,0,512008,1,6,7,2111,2005,107,15,WN,109,N243WN,176,190,154,52,66,PHX,BNA,1448,3,19,0,,0,4,0,0,0,482008,1,6,7,640,640,1037,1050,WN,638,N282WN,177,190,164,-13,0,PHX,BNA,1448,4,9,0,,0,NA,NA,NA,NA,NA2008,1,6,7,1631,1555,2026,2005,WN,891,N233LV,175,190,162,21,36,PHX,BNA,1448,8,5,0,,0,2,0,0,0,192008,1,6,7,1314,1255,1711,1710,WN,1058,N472WN,177,195,165,1,19,PHX,BNA,1448,4,8,0,,0,NA,NA,NA,NA,NA2008,1,6,7,953,950,1530,1600,WN,496,N224WN,217,250,207,-30,3,PHX,BUF,1912,4,6,0,,0,NA,NA,NA,NA,NA2008,1,6,7,1345,1340,1408,1405,WN,10,N382SW,83,85,76,3,5,PHX,BUR,369,2,5,0,,0,NA,NA,NA,NA,NA2008,1,6,7,950,935,1006,1005,WN,529,N459WN,76,90,68,1,15,PHX,BUR,369,2,6,0,,0,NA,NA,NA,NA,NA2008,1,6,7,1108,1055,1127,1125,WN,705,N633SW,79,90,68,2,13,PHX,BUR,369,2,9,0,,0,NA,NA,NA,NA,NA2008,1,6,7,1546,1545,1624,1605,WN,734,N340LV,98,80,73,19,1,PHX,BUR,369,20,5,0,,0,0,0,19,0,02008,1,6,7,1833,1750,1851,1810,WN,806,N410WN,78,80,71,41,43,PHX,BUR,369,2,5,0,,0,0,0,0,0,412008,1,6,7,1859,1835,1931,1855,WN,921,N414WN,92,80,73,36,24,PHX,BUR,369,6,13,0,,0,0,0,12,0,242008,1,6,7,759,800,820,825,WN,2613,N239WN,81,85,73,-5,-1,PHX,BUR,369,2,6,0,,0,NA,NA,NA,NA,NA2008,1,6,7,2038,2010,2104,2035,WN,2871,N444WN,86,85,75,29,28,PHX,BUR,369,2,9,0,,0,11,0,1,0,172008,1,6,7,2214,2135,2244,2155,WN,3323,N208WN,90,80,77,49,39,PHX,BUR,369,3,10,0,,0,5,0,10,0,342008,1,6,7,1108,1105,1657,1725,WN,664,N731SA,229,260,219,-28,3,PHX,BWI,1999,3,7,0,,0,NA,NA,NA,NA,NA2008,1,6,7,703,700,1253,1310,WN,899,N207WN,230,250,221,-17,3,PHX,BWI,1999,2,7,0,,0,NA,NA,NA,NA,NA2008,1,6,7,1230,1210,1823,1820,WN,1155,N726SW,233,250,223,3,20,PHX,BWI,1999,4,6,0,,0,NA,NA,NA,NA,NA2008,1,6,7,1511,1445,2106,2055,WN,1686,N709SW,235,250,220,11,26,PHX,BWI,1999,4,11,0,,0,NA,NA,NA,NA,NA2008,1,6,7,910,905,1424,1440,WN,2103,N491WN,194,215,184,-16,5,PHX,CMH,1671,4,6,0,,0,NA,NA,NA,NA,NA2008,1,6,7,902,900,1035,1045,WN,214,N403WN,93,105,78,-10,2,PHX,DEN,602,8,7,0,,0,NA,NA,NA,NA,NA2008,1,6,7,813,815,951,1000,WN,603,N602SW,98,105,87,-9,-2,PHX,DEN,602,4,7,0,,0,NA,NA,NA,NA,NA2008,1,6,7,1946,1945,2122,2130,WN,964,N733SA,96,105,75,-8,1,PHX,DEN,602,9,12,0,,0,NA,NA,NA,NA,NA2008,1,6,7,1335,1320,1507,1505,WN,2039,N386SW,92,105,76,2,15,PHX,DEN,602,6,10,0,,0,NA,NA,NA,NA,NA2008,1,6,7,1544,1540,1730,1720,WN,2786,N428WN,106,100,74,10,4,PHX,DEN,602,27,5,0,,0,NA,NA,NA,NA,NA2008,1,6,7,2233,2035,7,2220,WN,3669,N362SW,94,105,75,107,118,PHX,DEN,602,9,10,0,,0,4,0,0,0,1032008,1,6,7,1025,950,1557,1540,WN,1428,N264LV,212,230,192,17,35,PHX,DTW,1671,7,13,0,,0,17,0,0,0,02008,1,6,7,742,740,840,845,WN,23,N369SW,58,65,49,-5,2,PHX,ELP,347,3,6,0,,0,NA,NA,NA,NA,NA2008,1,6,7,1313,1305,1414,1410,WN,116,N706SW,61,65,50,4,8,PHX,ELP,347,3,8,0,,0,NA,NA,NA,NA,NA2008,1,6,7,2035,1900,2135,2005,WN,481,N684WN,60,65,45,90,95,PHX,ELP,347,5,10,0,,0,2,0,0,0,882008,1,6,7,1534,1500,1629,1605,WN,1506,N241WN,55,65,45,24,34,PHX,ELP,347,4,6,0,,0,0,0,0,7,172008,1,6,7,1748,1720,1846,1825,WN,1745,N745SW,58,65,46,21,28,PHX,ELP,347,5,7,0,,0,14,0,0,0,72008,1,6,7,2233,2135,2336,2240,WN,3140,N775SW,63,65,47,56,58,PHX,ELP,347,4,12,0,,0,36,0,0,0,202008,1,6,7,1022,1020,1126,1125,WN,3419,N458WN,64,65,48,1,2,PHX,ELP,347,4,12,0,,0,NA,NA,NA,NA,NA2008,1,6,7,1250,1250,1624,1620,WN,342,N483WN,154,150,140,4,0,PHX,HOU,1020,4,10,0,,0,NA,NA,NA,NA,NA2008,1,6,7,1630,1615,1953,1940,WN,933,N624SW,143,145,131,13,15,PHX,HOU,1020,4,8,0,,0,NA,NA,NA,NA,NA2008,1,6,7,2105,2000,23,2320,WN,2268,N664WN,138,140,124,63,65,PHX,HOU,1020,3,11,0,,0,12,0,0,0,512008,1,6,7,922,915,1243,1250,WN,3317,N646SW,141,155,130,-7,7,PHX,HOU,1020,4,7,0,,0,NA,NA,NA,NA,NA2008,1,6,7,1114,1055,1616,1625,WN,1034,N257WN,182,210,164,-9,19,PHX,IND,1489,9,9,0,,0,NA,NA,NA,NA,NA2008,1,6,7,1816,1725,2317,2245,WN,2726,N754SW,181,200,164,32,51,PHX,IND,1489,9,8,0,,0,6,0,0,0,262008,1,6,7,1349,1345,1406,1350,WN,221,N243WN,77,65,46,16,4,PHX,LAS,256,4,27,0,,0,0,0,16,0,02008,1,6,7,1631,1615,1643,1620,WN,340,N629SW,72,65,57,23,16,PHX,LAS,256,9,6,0,,0,0,0,7,0,162008,1,6,7,645,645,642,645,WN,376,N347SW,57,60,44,-3,0,PHX,LAS,256,3,10,0,,0,NA,NA,NA,NA,NA2008,1,6,7,1507,1505,1517,1505,WN,538,N352SW,70,60,55,12,2,PHX,LAS,256,5,10,0,,0,NA,NA,NA,NA,NA2008,1,6,7,NA,830,NA,840,WN,619,,NA,70,NA,NA,NA,PHX,LAS,256,NA,NA,1,A,0,NA,NA,NA,NA,NA2008,1,6,7,1656,1650,1655,1655,WN,675,N704SW,59,65,51,0,6,PHX,LAS,256,3,5,0,,0,NA,NA,NA,NA,NA2008,1,6,7,1803,1720,1813,1725,WN,700,N374SW,70,65,51,48,43,PHX,LAS,256,3,16,0,,0,1,0,5,0,422008,1,6,7,NA,2000,NA,2005,WN,774,,NA,65,NA,NA,NA,PHX,LAS,256,NA,NA,1,A,0,NA,NA,NA,NA,NA2008,1,6,7,1902,1900,1908,1900,WN,875,N743SW,66,60,49,8,2,PHX,LAS,256,6,11,0,,0,NA,NA,NA,NA,NA2008,1,6,7,1230,1155,1232,1205,WN,887,N228WN,62,70,44,27,35,PHX,LAS,256,3,15,0,,0,0,0,18,0,92008,1,6,7,901,900,858,910,WN,984,N227WN,57,70,47,-12,1,PHX,LAS,256,5,5,0,,0,NA,NA,NA,NA,NA2008,1,6,7,2134,2120,2141,2125,WN,998,N753SW,67,65,51,16,14,PHX,LAS,256,5,11,0,,0,6,0,2,0,82008,1,6,7,NA,1240,NA,1245,WN,1245,,NA,65,NA,NA,NA,PHX,LAS,256,NA,NA,1,A,0,NA,NA,NA,NA,NA2008,1,6,7,1454,1435,1514,1440,WN,1318,N484WN,80,65,45,34,19,PHX,LAS,256,21,14,0,,0,0,0,28,0,62008,1,6,7,1027,1010,1100,1020,WN,1866,N497WN,93,70,66,40,17,PHX,LAS,256,4,23,0,,0,15,0,23,0,22008,1,6,7,740,730,731,730,WN,2030,N451WN,51,60,43,1,10,PHX,LAS,256,2,6,0,,0,NA,NA,NA,NA,NA2008,1,6,7,1550,1545,1546,1550,WN,2803,N756SA,56,65,47,-4,5,PHX,LAS,256,4,5,0,,0,NA,NA,NA,NA,NA2008,1,6,7,2042,2030,2041,2035,WN,3061,N730SW,59,65,46,6,12,PHX,LAS,256,4,9,0,,0,NA,NA,NA,NA,NA2008,1,6,7,1541,1540,1556,1600,WN,169,N550WN,75,80,64,-4,1,PHX,LAX,370,6,5,0,,0,NA,NA,NA,NA,NA2008,1,6,7,1503,1440,1529,1500,WN,232,N642WN,86,80,66,29,23,PHX,LAX,370,6,14,0,,0,7,0,6,0,162008,1,6,7,2015,1815,2044,1835,WN,303,N367SW,89,80,75,129,120,PHX,LAX,370,6,8,0,,0,94,0,9,0,262008,1,6,7,1929,1915,2004,1935,WN,343,N360SW,95,80,77,29,14,PHX,LAX,370,10,8,0,,0,0,0,29,0,02008,1,6,7,1038,1040,1057,1105,WN,769,N242WN,79,85,64,-8,-2,PHX,LAX,370,9,6,0,,0,NA,NA,NA,NA,NA2008,1,6,7,2122,2050,2227,2115,WN,1033,N796SW,125,85,86,72,32,PHX,LAX,370,22,17,0,,0,14,0,40,0,182008,1,6,7,1212,1205,1240,1230,WN,1237,N402WN,88,85,64,10,7,PHX,LAX,370,9,15,0,,0,NA,NA,NA,NA,NA2008,1,6,7,1801,1735,1839,1755,WN,2359,N476WN,98,80,64,44,26,PHX,LAX,370,24,10,0,,0,13,0,18,0,132008,1,6,7,1509,1315,1533,1335,WN,2360,N693SW,84,80,68,118,114,PHX,LAX,370,5,11,0,,0,0,0,22,0,962008,1,6,7,714,715,731,735,WN,2639,N754SW,77,80,64,-4,-1,PHX,LAX,370,7,6,0,,0,NA,NA,NA,NA,NA2008,1,6,7,1617,1610,1640,1630,WN,2812,N242WN,83,80,62,10,7,PHX,LAX,370,11,10,0,,0,NA,NA,NA,NA,NA2008,1,6,7,1723,1645,1749,1700,WN,3936,N243WN,86,75,68,49,38,PHX,LAX,370,5,13,0,,0,0,0,14,0,352008,1,6,7,2121,1955,42,2330,WN,753,N211WN,141,155,122,72,86,PHX,LIT,1136,6,13,0,,0,8,0,0,0,642008,1,6,7,1931,1900,2246,2230,WN,84,N647SW,135,150,121,16,31,PHX,MCI,1044,4,10,0,,0,4,0,0,0,122008,1,6,7,2205,2105,109,35,WN,835,N708SA,124,150,111,34,60,PHX,MCI,1044,5,8,0,,0,9,0,0,0,252008,1,6,7,1253,1240,1600,1610,WN,1006,N384SW,127,150,118,-10,13,PHX,MCI,1044,3,6,0,,0,NA,NA,NA,NA,NA2008,1,6,7,1050,1025,1642,1625,WN,3509,N261WN,232,240,218,17,25,PHX,MCO,1848,8,6,0,,0,16,0,0,0,12008,1,6,7,2052,2030,47,45,WN,349,N412WN,175,195,157,2,22,PHX,MDW,1444,5,13,0,,0,NA,NA,NA,NA,NA2008,1,6,7,859,855,1250,1315,WN,885,N455WN,171,200,159,-25,4,PHX,MDW,1444,6,6,0,,0,NA,NA,NA,NA,NA2008,1,6,7,1935,1920,2325,2340,WN,1566,N232WN,170,200,156,-15,15,PHX,MDW,1444,5,9,0,,0,NA,NA,NA,NA,NA2008,1,6,7,1202,1050,1605,1515,WN,1667,N422WN,183,205,165,50,72,PHX,MDW,1444,5,13,0,,0,50,0,0,0,02008,1,6,7,1627,1610,2023,2030,WN,1929,N715SW,176,200,157,-7,17,PHX,MDW,1444,13,6,0,,0,NA,NA,NA,NA,NA2008,1,6,7,1250,1230,1652,1655,WN,2474,N786SW,182,205,170,-3,20,PHX,MDW,1444,7,5,0,,0,NA,NA,NA,NA,NA2008,1,6,7,1356,1350,1748,1810,WN,2703,N230WN,172,200,161,-22,6,PHX,MDW,1444,5,6,0,,0,NA,NA,NA,NA,NA2008,1,6,7,613,600,1011,1015,WN,2813,N698SW,178,195,164,-4,13,PHX,MDW,1444,4,10,0,,0,NA,NA,NA,NA,NA2008,1,6,7,1203,1145,1827,1830,WN,3598,N275WN,264,285,244,-3,18,PHX,MHT,2279,6,14,0,,0,NA,NA,NA,NA,NA2008,1,6,7,1228,1215,1607,1605,WN,1167,N793SA,159,170,149,2,13,PHX,MSY,1301,3,7,0,,0,NA,NA,NA,NA,NA2008,1,6,7,1736,1715,1836,1820,WN,357,N371SW,120,125,110,16,21,PHX,OAK,646,4,6,0,,0,0,0,0,1,152008,1,6,7,1130,1130,1239,1235,WN,909,N624SW,129,125,113,4,0,PHX,OAK,646,5,11,0,,0,NA,NA,NA,NA,NA2008,1,6,7,813,815,910,925,WN,2109,N634SW,117,130,103,-15,-2,PHX,OAK,646,6,8,0,,0,NA,NA,NA,NA,NA2008,1,6,7,1948,1905,2105,2005,WN,2336,N902WN,137,120,106,60,43,PHX,OAK,646,17,14,0,,0,19,0,17,0,242008,1,6,7,941,925,1039,1035,WN,2646,N669SW,118,130,105,4,16,PHX,OAK,646,8,5,0,,0,NA,NA,NA,NA,NA2008,1,6,7,1502,1455,1619,1600,WN,3240,N735SA,137,125,111,19,7,PHX,OAK,646,16,10,0,,0,7,0,12,0,02008,1,6,7,2200,2150,2259,2250,WN,3492,N740SW,119,120,102,9,10,PHX,OAK,646,7,10,0,,0,NA,NA,NA,NA,NA2008,1,6,7,836,830,1125,1140,WN,102,N663SW,109,130,99,-15,6,PHX,OKC,833,4,6,0,,0,NA,NA,NA,NA,NA2008,1,6,7,2100,2025,2356,2330,WN,282,N513SW,116,125,93,26,35,PHX,OKC,833,4,19,0,,0,18,0,0,0,82008,1,6,7,1311,1235,1551,1540,WN,940,N418WN,100,125,92,11,36,PHX,OKC,833,2,6,0,,0,NA,NA,NA,NA,NA2008,1,6,7,1529,1515,1833,1840,WN,316,N712SW,124,145,118,-7,14,PHX,OMA,1037,2,4,0,,0,NA,NA,NA,NA,NA2008,1,6,7,2220,2015,138,2340,WN,559,N638SW,138,145,123,118,125,PHX,OMA,1037,4,11,0,,0,58,0,0,0,602008,1,6,7,715,715,1026,1045,WN,1333,N652SW,131,150,120,-19,0,PHX,OMA,1037,3,8,0,,0,NA,NA,NA,NA,NA2008,1,6,7,747,750,751,805,WN,238,N348SW,64,75,54,-14,-3,PHX,ONT,325,4,6,0,,0,NA,NA,NA,NA,NA2008,1,6,7,1742,1550,1746,1555,WN,508,N711HK,64,65,52,111,112,PHX,ONT,325,6,6,0,,0,2,0,0,0,1092008,1,6,7,913,910,917,925,WN,560,N340LV,64,75,54,-8,3,PHX,ONT,325,5,5,0,,0,NA,NA,NA,NA,NA2008,1,6,7,1011,1000,1017,1020,WN,616,N247WN,66,80,52,-3,11,PHX,ONT,325,4,10,0,,0,NA,NA,NA,NA,NA2008,1,6,7,1137,1110,1152,1130,WN,876,N237WN,75,80,57,22,27,PHX,ONT,325,4,14,0,,0,22,0,0,0,02008,1,6,7,2100,1720,2119,1730,WN,966,N250WN,79,70,60,229,220,PHX,ONT,325,6,13,0,,0,14,0,9,0,2062008,1,6,7,1857,1850,1915,1900,WN,1679,N339SW,78,70,59,15,7,PHX,ONT,325,6,13,0,,0,6,0,8,0,12008,1,6,7,2234,2135,2249,2145,WN,2369,N492WN,75,70,59,64,59,PHX,ONT,325,6,10,0,,0,14,0,5,0,452008,1,6,7,629,630,642,645,WN,2987,N749SW,73,75,60,-3,-1,PHX,ONT,325,4,9,0,,0,NA,NA,NA,NA,NA2008,1,6,7,656,700,703,715,WN,3422,N264LV,67,75,55,-12,-4,PHX,ONT,325,5,7,0,,0,NA,NA,NA,NA,NA2008,1,6,7,2037,2020,2048,2030,WN,3691,N204WN,71,70,55,18,17,PHX,ONT,325,7,9,0,,0,1,0,1,0,162008,1,6,7,1321,1325,1329,1335,WN,3767,N794SW,68,70,57,-6,-4,PHX,ONT,325,4,7,0,,0,NA,NA,NA,NA,NA2008,1,6,7,843,835,1026,1040,WN,364,N352SW,163,185,147,-14,8,PHX,PDX,1009,10,6,0,,0,NA,NA,NA,NA,NA2008,1,6,7,1428,1345,1609,1540,WN,1012,N622SW,161,175,145,29,43,PHX,PDX,1009,9,7,0,,0,0,0,0,0,292008,1,6,7,1948,1945,2126,2140,WN,1484,N442WN,158,175,142,-14,3,PHX,PDX,1009,3,13,0,,0,NA,NA,NA,NA,NA2008,1,6,7,947,940,1546,1600,WN,175,N412WN,239,260,228,-14,7,PHX,PHL,2075,6,5,0,,0,NA,NA,NA,NA,NA2008,1,6,7,1602,1600,2158,2220,WN,287,N766SW,236,260,223,-22,2,PHX,PHL,2075,6,7,0,,0,NA,NA,NA,NA,NA2008,1,6,7,1311,1310,1842,1905,WN,3657,N739GB,211,235,196,-23,1,PHX,PIT,1813,7,8,0,,0,NA,NA,NA,NA,NA2008,1,6,7,939,920,1558,1605,WN,2452,N901WN,259,285,250,-7,19,PHX,PVD,2277,4,5,0,,0,NA,NA,NA,NA,NA2008,1,6,7,954,940,1553,1545,WN,2818,N761RR,239,245,228,8,14,PHX,RDU,1891,4,7,0,,0,NA,NA,NA,NA,NA2008,1,6,7,2145,2120,2236,2210,WN,489,N474WN,111,110,93,26,25,PHX,RNO,601,5,13,0,,0,20,0,1,0,52008,1,6,7,1451,1430,1532,1520,WN,736,N347SW,101,110,91,12,21,PHX,RNO,601,5,5,0,,0,NA,NA,NA,NA,NA2008,1,6,7,1020,1020,1106,1115,WN,1144,N484WN,106,115,86,-9,0,PHX,RNO,601,9,11,0,,0,NA,NA,NA,NA,NA2008,1,6,7,1416,1405,1424,1410,WN,123,N263WN,68,65,59,14,11,PHX,SAN,304,2,7,0,,0,NA,NA,NA,NA,NA2008,1,6,7,2254,2120,2329,2125,WN,242,N205WN,95,65,82,124,94,PHX,SAN,304,5,8,0,,0,83,0,30,0,112008,1,6,7,2128,2045,2202,2050,WN,381,N656SW,94,65,71,72,43,PHX,SAN,304,5,18,0,,0,4,0,29,0,392008,1,6,7,1714,1645,1715,1650,WN,458,N419WN,61,65,54,25,29,PHX,SAN,304,3,4,0,,0,5,0,0,0,202008,1,6,7,1158,1155,1209,1205,WN,585,N447WN,71,70,58,4,3,PHX,SAN,304,2,11,0,,0,NA,NA,NA,NA,NA2008,1,6,7,1034,1030,1042,1045,WN,1010,N673AA,68,75,57,-3,4,PHX,SAN,304,2,9,0,,0,NA,NA,NA,NA,NA2008,1,6,7,848,845,852,855,WN,1069,N690SW,64,70,55,-3,3,PHX,SAN,304,2,7,0,,0,NA,NA,NA,NA,NA2008,1,6,7,2052,1955,2104,2000,WN,1172,N224WN,72,65,57,64,57,PHX,SAN,304,3,12,0,,0,5,0,7,0,522008,1,6,7,1814,1730,1825,1735,WN,1511,N734SA,71,65,60,50,44,PHX,SAN,304,4,7,0,,0,28,0,6,0,162008,1,6,7,655,700,659,710,WN,1594,N397SW,64,70,55,-11,-5,PHX,SAN,304,3,6,0,,0,NA,NA,NA,NA,NA2008,1,6,7,1612,1610,1620,1615,WN,1600,N354SW,68,65,55,5,2,PHX,SAN,304,2,11,0,,0,NA,NA,NA,NA,NA2008,1,6,7,801,800,806,810,WN,1855,N712SW,65,70,56,-4,1,PHX,SAN,304,2,7,0,,0,NA,NA,NA,NA,NA2008,1,6,7,1510,1455,1524,1500,WN,2442,N770SA,74,65,58,24,15,PHX,SAN,304,3,13,0,,0,13,0,9,0,22008,1,6,7,1922,1840,1932,1845,WN,3839,N293,70,65,59,47,42,PHX,SAN,304,4,7,0,,0,42,0,5,0,02008,1,6,7,922,910,1211,1210,WN,327,N781WN,109,120,101,1,12,PHX,SAT,843,3,5,0,,0,NA,NA,NA,NA,NA2008,1,6,7,2154,2025,43,2325,WN,796,N274WN,109,120,98,78,89,PHX,SAT,843,2,9,0,,0,11,0,0,0,672008,1,6,7,1651,1615,1940,1915,WN,2015,N449WN,109,120,99,25,36,PHX,SAT,843,3,7,0,,0,5,0,0,0,202008,1,6,7,1216,1200,1513,1505,WN,3168,N635SW,117,125,103,8,16,PHX,SAT,843,2,12,0,,0,NA,NA,NA,NA,NA2008,1,6,7,1157,1150,1712,1705,WN,2808,N671SW,195,195,170,7,7,PHX,SDF,1506,18,7,0,,0,NA,NA,NA,NA,NA2008,1,6,7,858,850,1040,1105,WN,754,N700GS,162,195,153,-25,8,PHX,SEA,1107,3,6,0,,0,NA,NA,NA,NA,NA2008,1,6,7,1216,1145,1401,1400,WN,1481,N292WN,165,195,152,1,31,PHX,SEA,1107,6,7,0,,0,NA,NA,NA,NA,NA2008,1,6,7,2010,1935,2208,2145,WN,2361,N747SA,178,190,154,23,35,PHX,SEA,1107,6,18,0,,0,0,0,5,0,182008,1,6,7,2147,2115,2251,2210,WN,160,N257WN,124,115,109,41,32,PHX,SJC,621,3,12,0,,0,21,0,9,0,112008,1,6,7,1901,1845,2007,1940,WN,177,N641SW,126,115,108,27,16,PHX,SJC,621,5,13,0,,0,0,0,11,0,162008,1,6,7,1001,955,1104,1100,WN,674,N305SW,123,125,109,4,6,PHX,SJC,621,4,10,0,,0,NA,NA,NA,NA,NA2008,1,6,7,731,730,824,835,WN,690,N288WN,113,125,102,-11,1,PHX,SJC,621,4,7,0,,0,NA,NA,NA,NA,NA2008,1,6,7,1433,1415,1540,1510,WN,2094,N664WN,127,115,115,30,18,PHX,SJC,621,4,8,0,,0,0,0,12,0,182008,1,6,7,625,625,726,730,WN,2116,N320SW,121,125,105,-4,0,PHX,SJC,621,4,12,0,,0,NA,NA,NA,NA,NA2008,1,6,7,1223,1220,1314,1325,WN,2976,N271WN,111,125,100,-11,3,PHX,SJC,621,3,8,0,,0,NA,NA,NA,NA,NA2008,1,6,7,1330,1315,1503,1450,WN,320,N459WN,93,95,74,13,15,PHX,SLC,507,12,7,0,,0,NA,NA,NA,NA,NA2008,1,6,7,1855,1845,2035,2020,WN,410,N605SW,100,95,72,15,10,PHX,SLC,507,15,13,0,,0,0,0,5,10,02008,1,6,7,1115,1055,1324,1235,WN,414,N215WN,129,100,112,49,20,PHX,SLC,507,8,9,0,,0,0,0,29,8,122008,1,6,7,2221,2120,2344,2250,WN,980,N410WN,83,90,67,54,61,PHX,SLC,507,7,9,0,,0,18,0,0,0,362008,1,6,7,1505,1425,1636,1600,WN,1022,N689SW,91,95,73,36,40,PHX,SLC,507,7,11,0,,0,0,0,16,0,202008,1,6,7,829,825,950,1005,WN,1041,N417WN,81,100,69,-15,4,PHX,SLC,507,5,7,0,,0,NA,NA,NA,NA,NA2008,1,6,7,1738,1655,1858,1830,WN,1684,N206WN,80,95,70,28,43,PHX,SLC,507,5,5,0,,0,6,0,0,0,222008,1,6,7,616,620,740,800,WN,2551,N242WN,84,100,71,-20,-4,PHX,SLC,507,2,11,0,,0,NA,NA,NA,NA,NA2008,1,6,7,1031,1025,1129,1135,WN,207,N656SW,118,130,101,-6,6,PHX,SMF,647,4,13,0,,0,NA,NA,NA,NA,NA2008,1,6,7,1304,1240,1356,1340,WN,331,N605SW,112,120,99,16,24,PHX,SMF,647,7,6,0,,0,5,0,0,0,112008,1,6,7,1519,1500,1606,1600,WN,877,N733SA,107,120,95,6,19,PHX,SMF,647,4,8,0,,0,NA,NA,NA,NA,NA2008,1,6,7,2221,2135,2318,2235,WN,1309,N390SW,117,120,102,43,46,PHX,SMF,647,4,11,0,,0,5,0,0,0,382008,1,6,7,1828,1810,1920,1910,WN,2453,N675AA,112,120,99,10,18,PHX,SMF,647,4,9,0,,0,NA,NA,NA,NA,NA2008,1,6,7,1646,1635,1734,1735,WN,3941,N794SW,108,120,98,-1,11,PHX,SMF,647,5,5,0,,0,NA,NA,NA,NA,NA2008,1,6,7,1205,1135,1221,1155,WN,259,N241WN,76,80,62,26,30,PHX,SNA,338,4,10,0,,0,1,0,0,0,252008,1,6,7,913,915,923,935,WN,453,N280WN,70,80,60,-12,-2,PHX,SNA,338,4,6,0,,0,NA,NA,NA,NA,NA2008,1,6,7,2200,2135,2217,2150,WN,473,N712SW,77,75,67,27,25,PHX,SNA,338,2,8,0,,0,0,0,2,0,252008,1,6,7,807,810,822,825,WN,704,N411WN,75,75,58,-3,-3,PHX,SNA,338,10,7,0,,0,NA,NA,NA,NA,NA2008,1,6,7,1517,1515,1540,1530,WN,1413,N291WN,83,75,60,10,2,PHX,SNA,338,14,9,0,,0,NA,NA,NA,NA,NA2008,1,6,7,1947,1925,2009,1935,WN,2093,N430WN,82,70,64,34,22,PHX,SNA,338,5,13,0,,0,17,0,12,0,52008,1,6,7,1725,1720,1734,1730,WN,2707,N295WN,69,70,59,4,5,PHX,SNA,338,4,6,0,,0,NA,NA,NA,NA,NA2008,1,6,7,1342,1330,1353,1345,WN,3501,N420WN,71,75,63,8,12,PHX,SNA,338,4,4,0,,0,NA,NA,NA,NA,NA2008,1,6,7,1510,1450,1844,1845,WN,752,N348SW,154,175,140,-1,20,PHX,STL,1262,3,11,0,,0,NA,NA,NA,NA,NA2008,1,6,7,1113,1100,1447,1455,WN,782,N398SW,154,175,141,-8,13,PHX,STL,1262,5,8,0,,0,NA,NA,NA,NA,NA2008,1,6,7,1734,1705,2100,2055,WN,868,N510SW,146,170,136,5,29,PHX,STL,1262,3,7,0,,0,NA,NA,NA,NA,NA2008,1,6,7,1906,1905,2235,2300,WN,958,N646SW,149,175,136,-25,1,PHX,STL,1262,3,10,0,,0,NA,NA,NA,NA,NA2008,1,6,7,705,705,1040,1055,WN,1025,N654SW,155,170,142,-15,0,PHX,STL,1262,3,10,0,,0,NA,NA,NA,NA,NA2008,1,6,7,948,945,1529,1540,WN,243,N226WN,221,235,211,-11,3,PHX,TPA,1788,4,6,0,,0,NA,NA,NA,NA,NA2008,1,6,7,2105,2040,2,2355,WN,504,N644SW,117,135,102,7,25,PHX,TUL,935,3,12,0,,0,NA,NA,NA,NA,NA2008,1,6,7,1358,1355,1649,1710,WN,627,N284WN,111,135,102,-21,3,PHX,TUL,935,3,6,0,,0,NA,NA,NA,NA,NA2008,1,6,7,1020,1010,1321,1325,WN,3235,N522SW,121,135,107,-4,10,PHX,TUL,935,2,12,0,,0,NA,NA,NA,NA,NA2008,1,6,7,707,710,756,805,WN,726,N686SW,49,55,36,-9,-3,PIT,BWI,210,4,9,0,,0,NA,NA,NA,NA,NA2008,1,6,7,1006,1005,1103,1100,WN,1414,N699SW,57,55,45,3,1,PIT,BWI,210,4,8,0,,0,NA,NA,NA,NA,NA2008,1,6,7,1921,1925,2023,2020,WN,3657,N739GB,62,55,44,3,-4,PIT,BWI,210,4,14,0,,0,NA,NA,NA,NA,NA2008,1,6,7,1645,1645,1836,1840,WN,94,N432WN,291,295,276,-4,0,PIT,LAS,1910,7,8,0,,0,NA,NA,NA,NA,NA2008,1,6,7,827,820,1021,1015,WN,3833,N236WN,294,295,282,6,7,PIT,LAS,1910,5,7,0,,0,NA,NA,NA,NA,NA2008,1,6,7,1230,1235,1420,1455,WN,17,N223WN,110,140,99,-35,-5,PIT,MCO,834,4,7,0,,0,NA,NA,NA,NA,NA2008,1,6,7,714,720,922,945,WN,987,N211WN,128,145,107,-23,-6,PIT,MCO,834,13,8,0,,0,NA,NA,NA,NA,NA2008,1,6,7,2020,2010,2222,2225,WN,3592,N455WN,122,135,104,-3,10,PIT,MCO,834,9,9,0,,0,NA,NA,NA,NA,NA2008,1,6,7,1808,1755,1832,1830,WN,490,N504SW,84,95,66,2,13,PIT,MDW,402,5,13,0,,0,NA,NA,NA,NA,NA2008,1,6,7,1412,1410,1436,1435,WN,921,N414WN,84,85,75,1,2,PIT,MDW,402,2,7,0,,0,NA,NA,NA,NA,NA2008,1,6,7,1216,1205,1238,1235,WN,2361,N747SA,82,90,72,3,11,PIT,MDW,402,3,7,0,,0,NA,NA,NA,NA,NA2008,1,6,7,2123,2035,2140,2105,WN,3336,N454WN,77,90,65,35,48,PIT,MDW,402,4,8,0,,0,3,0,0,0,322008,1,6,7,856,900,919,935,WN,3501,N420WN,83,95,70,-16,-4,PIT,MDW,402,4,9,0,,0,NA,NA,NA,NA,NA2008,1,6,7,1510,1455,1616,1610,WN,374,N650SW,66,75,50,6,15,PIT,PHL,267,9,7,0,,0,NA,NA,NA,NA,NA2008,1,6,7,1821,1815,1956,1950,WN,548,N650SW,95,95,55,6,6,PIT,PHL,267,8,32,0,,0,NA,NA,NA,NA,NA2008,1,6,7,2054,2055,2154,2215,WN,575,N749SW,60,80,46,-21,-1,PIT,PHL,267,5,9,0,,0,NA,NA,NA,NA,NA2008,1,6,7,1310,1245,1408,1355,WN,1236,N631SW,58,70,45,13,25,PIT,PHL,267,4,9,0,,0,NA,NA,NA,NA,NA2008,1,6,7,751,755,853,905,WN,2724,N750SA,62,70,47,-12,-4,PIT,PHL,267,6,9,0,,0,NA,NA,NA,NA,NA2008,1,6,7,1052,1055,1152,1205,WN,2964,N214WN,60,70,47,-13,-3,PIT,PHL,267,6,7,0,,0,NA,NA,NA,NA,NA2008,1,6,7,1400,1325,1638,1615,WN,458,N419WN,278,290,267,23,35,PIT,PHX,1813,5,6,0,,0,9,0,0,0,142008,1,6,7,1517,1500,1730,1735,WN,107,N314SW,133,155,119,-5,17,PIT,TPA,873,6,8,0,,0,NA,NA,NA,NA,NA2008,1,6,7,1020,1015,1141,1200,WN,1151,N383SW,141,165,131,-19,5,PVD,BNA,907,3,7,0,,0,NA,NA,NA,NA,NA2008,1,6,7,814,815,925,935,WN,354,N630WN,71,80,59,-10,-1,PVD,BWI,328,4,8,0,,0,NA,NA,NA,NA,NA2008,1,6,7,1637,1630,1741,1750,WN,421,N901WN,64,80,56,-9,7,PVD,BWI,328,2,6,0,,0,NA,NA,NA,NA,NA2008,1,6,7,1109,1105,1215,1220,WN,983,N725SW,66,75,59,-5,4,PVD,BWI,328,2,5,0,,0,NA,NA,NA,NA,NA2008,1,6,7,1752,1730,1902,1850,WN,1062,N424WN,70,80,56,12,22,PVD,BWI,328,3,11,0,,0,NA,NA,NA,NA,NA2008,1,6,7,1937,1925,2044,2045,WN,1154,N621SW,67,80,55,-1,12,PVD,BWI,328,3,9,0,,0,NA,NA,NA,NA,NA2008,1,6,7,1303,1300,1408,1415,WN,1161,N759GS,65,75,55,-7,3,PVD,BWI,328,4,6,0,,0,NA,NA,NA,NA,NA2008,1,6,7,1834,1815,1940,1935,WN,2034,N345SA,66,80,58,5,19,PVD,BWI,328,2,6,0,,0,NA,NA,NA,NA,NA2008,1,6,7,928,925,1040,1040,WN,2442,N770SA,72,75,58,0,3,PVD,BWI,328,4,10,0,,0,NA,NA,NA,NA,NA2008,1,6,7,715,715,827,835,WN,2640,N435WN,72,80,59,-8,0,PVD,BWI,328,5,8,0,,0,NA,NA,NA,NA,NA2008,1,6,7,1522,1455,1628,1610,WN,2795,N687SW,66,75,55,18,27,PVD,BWI,328,3,8,0,,0,10,0,0,0,82008,1,6,7,2054,2100,2202,2215,WN,3918,N777QC,68,75,57,-13,-6,PVD,BWI,328,4,7,0,,0,NA,NA,NA,NA,NA2008,1,6,7,740,740,1035,1110,WN,2988,N454WN,175,210,162,-35,0,PVD,FLL,1188,3,10,0,,0,NA,NA,NA,NA,NA2008,1,6,7,730,730,1030,1040,WN,3423,N751SW,360,370,348,-10,0,PVD,LAS,2363,5,7,0,,0,NA,NA,NA,NA,NA2008,1,6,7,1321,1230,1603,1540,WN,186,N450WN,162,190,137,23,51,PVD,MCO,1073,5,20,0,,0,4,0,0,0,192008,1,6,7,722,720,1005,1030,WN,499,N286WN,163,190,146,-25,2,PVD,MCO,1073,8,9,0,,0,NA,NA,NA,NA,NA2008,1,6,7,1712,1705,1942,2010,WN,1030,N445WN,150,185,132,-28,7,PVD,MCO,1073,5,13,0,,0,NA,NA,NA,NA,NA2008,1,6,7,941,945,1211,1250,WN,2368,N427WN,150,185,139,-39,-4,PVD,MCO,1073,4,7,0,,0,NA,NA,NA,NA,NA2008,1,6,7,2052,2030,2313,2330,WN,2451,N226WN,141,180,130,-17,22,PVD,MCO,1073,6,5,0,,0,NA,NA,NA,NA,NA2008,1,6,7,1556,1545,1829,1850,WN,3134,N313SW,153,185,139,-21,11,PVD,MCO,1073,6,8,0,,0,NA,NA,NA,NA,NA2008,1,6,7,1040,1030,1159,1210,WN,299,N208WN,139,160,128,-11,10,PVD,MDW,842,4,7,0,,0,NA,NA,NA,NA,NA2008,1,6,7,1954,1925,2110,2105,WN,393,N503SW,136,160,126,5,29,PVD,MDW,842,3,7,0,,0,NA,NA,NA,NA,NA2008,1,6,7,1510,1455,1632,1635,WN,3841,N234WN,142,160,132,-3,15,PVD,MDW,842,4,6,0,,0,NA,NA,NA,NA,NA2008,1,6,7,820,825,928,940,WN,723,N351SW,68,75,51,-12,-5,PVD,PHL,238,9,8,0,,0,NA,NA,NA,NA,NA2008,1,6,7,1128,1130,1224,1245,WN,1319,N685SW,56,75,48,-21,-2,PVD,PHL,238,3,5,0,,0,NA,NA,NA,NA,NA2008,1,6,7,1341,1340,1443,1500,WN,1338,N791SW,62,80,51,-17,1,PVD,PHL,238,4,7,0,,0,NA,NA,NA,NA,NA2008,1,6,7,1611,1540,1717,1710,WN,1410,N631SW,66,90,52,7,31,PVD,PHL,238,5,9,0,,0,NA,NA,NA,NA,NA2008,1,6,7,2020,2005,2119,2125,WN,2731,N216WR,59,80,47,-6,15,PVD,PHL,238,6,6,0,,0,NA,NA,NA,NA,NA2008,1,6,7,1623,1610,2012,2005,WN,3061,N730SW,349,355,338,7,13,PVD,PHX,2277,5,6,0,,0,NA,NA,NA,NA,NA2008,1,6,7,655,655,950,1010,WN,77,N262WN,175,195,161,-20,0,PVD,TPA,1137,7,7,0,,0,NA,NA,NA,NA,NA2008,1,6,7,1359,1335,1641,1650,WN,3405,N740SW,162,195,150,-9,24,PVD,TPA,1137,5,7,0,,0,NA,NA,NA,NA,NA2008,1,6,7,1855,1855,2146,2210,WN,3580,N404WN,171,195,154,-24,0,PVD,TPA,1137,4,13,0,,0,NA,NA,NA,NA,NA2008,1,6,7,2032,2020,2052,2055,WN,312,N370SW,80,95,70,-3,12,RDU,BNA,443,2,8,0,,0,NA,NA,NA,NA,NA2008,1,6,7,822,825,850,900,WN,341,N358SW,88,95,76,-10,-3,RDU,BNA,443,6,6,0,,0,NA,NA,NA,NA,NA2008,1,6,7,1309,1315,1332,1350,WN,2463,N744SW,83,95,71,-18,-6,RDU,BNA,443,4,8,0,,0,NA,NA,NA,NA,NA2008,1,6,7,1749,1745,1810,1820,WN,2821,N328SW,81,95,71,-10,4,RDU,BNA,443,3,7,0,,0,NA,NA,NA,NA,NA2008,1,6,7,2129,2105,2223,2200,WN,85,N364SW,54,55,43,23,24,RDU,BWI,255,5,6,0,,0,0,0,0,0,232008,1,6,7,1749,1645,1852,1745,WN,269,N396SW,63,60,49,67,64,RDU,BWI,255,4,10,0,,0,7,0,3,0,572008,1,6,7,1517,1520,1611,1620,WN,1516,N604SW,54,60,43,-9,-3,RDU,BWI,255,5,6,0,,0,NA,NA,NA,NA,NA2008,1,6,7,1206,1200,1303,1255,WN,2621,N687SW,57,55,45,8,6,RDU,BWI,255,4,8,0,,0,NA,NA,NA,NA,NA2008,1,6,7,855,900,956,1000,WN,3569,N235WN,61,60,49,-4,-5,RDU,BWI,255,5,7,0,,0,NA,NA,NA,NA,NA2008,1,6,7,1731,1725,1929,1940,WN,563,N251WN,298,315,287,-11,6,RDU,LAS,2027,4,7,0,,0,NA,NA,NA,NA,NA2008,1,6,7,714,715,930,930,WN,1945,N551WN,316,315,301,0,-1,RDU,LAS,2027,7,8,0,,0,NA,NA,NA,NA,NA2008,1,6,7,1134,1120,1256,1300,WN,291,N695SW,82,100,72,-4,14,RDU,MCO,534,4,6,0,,0,NA,NA,NA,NA,NA2008,1,6,7,829,830,959,1015,WN,430,N729SW,90,105,76,-16,-1,RDU,MCO,534,9,5,0,,0,NA,NA,NA,NA,NA2008,1,6,7,1259,1255,1425,1440,WN,1414,N699SW,86,105,72,-15,4,RDU,MCO,534,5,9,0,,0,NA,NA,NA,NA,NA2008,1,6,7,1833,1835,1958,2020,WN,3046,N363SW,85,105,73,-22,-2,RDU,MCO,534,6,6,0,,0,NA,NA,NA,NA,NA2008,1,6,7,1625,1615,1726,1720,WN,166,N761RR,121,125,110,6,10,RDU,MDW,632,5,6,0,,0,NA,NA,NA,NA,NA2008,1,6,7,712,715,813,820,WN,407,N601WN,121,125,111,-7,-3,RDU,MDW,632,4,6,0,,0,NA,NA,NA,NA,NA2008,1,6,7,942,935,1046,1040,WN,468,N617SW,124,125,110,6,7,RDU,MDW,632,5,9,0,,0,NA,NA,NA,NA,NA2008,1,6,7,1926,1835,2018,1940,WN,1076,N736SA,112,125,99,38,51,RDU,MDW,632,5,8,0,,0,4,0,0,0,342008,1,6,7,1339,1325,1450,1440,WN,201,N294WN,71,75,60,10,14,RDU,PHL,336,4,7,0,,0,NA,NA,NA,NA,NA2008,1,6,7,906,905,1019,1020,WN,334,N735SA,73,75,55,-1,1,RDU,PHL,336,9,9,0,,0,NA,NA,NA,NA,NA2008,1,6,7,1122,1125,1234,1240,WN,456,N293,72,75,58,-6,-3,RDU,PHL,336,4,10,0,,0,NA,NA,NA,NA,NA2008,1,6,7,1744,1700,1910,1825,WN,603,N602SW,86,85,68,45,44,RDU,PHL,336,4,14,0,,0,37,0,1,0,72008,1,6,7,2037,2040,2152,2155,WN,882,N723SW,75,75,60,-3,-3,RDU,PHL,336,4,11,0,,0,NA,NA,NA,NA,NA2008,1,6,7,657,700,806,815,WN,2206,N296WN,69,75,58,-9,-3,RDU,PHL,336,5,6,0,,0,NA,NA,NA,NA,NA2008,1,6,7,1027,1015,1308,1320,WN,221,N243WN,281,305,270,-12,12,RDU,PHX,1891,6,5,0,,0,NA,NA,NA,NA,NA2008,1,6,7,725,730,908,925,WN,846,N331SW,103,115,86,-17,-5,RDU,TPA,587,11,6,0,,0,NA,NA,NA,NA,NA2008,1,6,7,1027,1025,1202,1220,WN,2293,N296WN,95,115,81,-18,2,RDU,TPA,587,4,10,0,,0,NA,NA,NA,NA,NA2008,1,6,7,1920,1910,2052,2100,WN,2634,N467WN,92,110,82,-8,10,RDU,TPA,587,4,6,0,,0,NA,NA,NA,NA,NA2008,1,6,7,2041,1815,2240,2020,WN,239,N315SW,59,65,50,140,146,RNO,BOI,335,2,7,0,,0,88,0,0,0,522008,1,6,7,806,800,1019,1005,WN,2538,N244WN,73,65,47,14,6,RNO,BOI,335,6,20,0,,0,NA,NA,NA,NA,NA2008,1,6,7,1431,1410,1636,1615,WN,3589,N301SW,65,65,51,21,21,RNO,BOI,335,3,11,0,,0,0,0,0,0,212008,1,6,7,1318,1255,1428,1410,WN,120,N519SW,70,75,54,18,23,RNO,LAS,345,4,12,0,,0,5,0,0,0,132008,1,6,7,1136,1115,1245,1225,WN,380,N470WN,69,70,58,20,21,RNO,LAS,345,4,7,0,,0,11,0,0,0,92008,1,6,7,1605,1545,1719,1655,WN,637,N347SW,74,70,58,24,20,RNO,LAS,345,6,10,0,,0,8,0,4,0,122008,1,6,7,2048,1910,2156,2020,WN,708,N704SW,68,70,53,96,98,RNO,LAS,345,7,8,0,,0,37,0,0,0,592008,1,6,7,2322,2150,39,2300,WN,1017,N249WN,77,70,53,99,92,RNO,LAS,345,12,12,0,,0,14,0,7,0,782008,1,6,7,1346,1340,1450,1455,WN,1027,N244WN,64,75,53,-5,6,RNO,LAS,345,4,7,0,,0,NA,NA,NA,NA,NA2008,1,6,7,1734,1725,1842,1835,WN,1072,N785SW,68,70,53,7,9,RNO,LAS,345,9,6,0,,0,NA,NA,NA,NA,NA2008,1,6,7,1957,1940,2059,2050,WN,1403,N633SW,62,70,53,9,17,RNO,LAS,345,3,6,0,,0,NA,NA,NA,NA,NA2008,1,6,7,1033,1030,1142,1140,WN,2018,N682SW,69,70,54,2,3,RNO,LAS,345,7,8,0,,0,NA,NA,NA,NA,NA2008,1,6,7,914,855,1024,1005,WN,2113,N306SW,70,70,56,19,19,RNO,LAS,345,3,11,0,,0,8,0,0,0,112008,1,6,7,1507,1445,1622,1555,WN,3517,N902WN,75,70,58,27,22,RNO,LAS,345,5,12,0,,0,6,0,5,0,162008,1,6,7,736,730,854,845,WN,3598,N304SW,78,75,56,9,6,RNO,LAS,345,4,18,0,,0,NA,NA,NA,NA,NA2008,1,6,7,1146,1120,1311,1240,WN,397,N498WN,85,80,68,31,26,RNO,LAX,390,9,8,0,,0,0,0,31,0,02008,1,6,7,2103,1855,2242,2020,WN,520,N615SW,99,85,79,142,128,RNO,LAX,390,9,11,0,,0,38,0,14,0,902008,1,6,7,705,705,830,825,WN,2554,N659SW,85,80,59,5,0,RNO,LAX,390,5,21,0,,0,NA,NA,NA,NA,NA2008,1,6,7,1103,1050,1643,1640,WN,324,N277WN,220,230,197,3,13,RNO,MDW,1680,5,18,0,,0,NA,NA,NA,NA,NA2008,1,6,7,1019,1015,1125,1110,WN,891,N233LV,66,55,43,15,4,RNO,OAK,180,12,11,0,,0,0,0,15,0,02008,1,6,7,1229,1210,1324,1305,WN,2719,N764SW,55,55,43,19,19,RNO,OAK,180,4,8,0,,0,18,0,0,0,12008,1,6,7,1850,1805,1942,1900,WN,2732,N692SW,52,55,42,42,45,RNO,OAK,180,3,7,0,,0,14,0,0,0,282008,1,6,7,648,640,754,740,WN,3772,N446WN,66,60,37,14,8,RNO,OAK,180,7,22,0,,0,NA,NA,NA,NA,NA2008,1,6,7,1156,1125,1325,1255,WN,530,N320SW,89,90,74,30,31,RNO,PDX,444,5,10,0,,0,16,0,0,0,142008,1,6,7,2115,1955,2238,2125,WN,1511,N734SA,83,90,73,73,80,RNO,PDX,444,3,7,0,,0,6,0,0,0,672008,1,6,7,1820,1545,1951,1715,WN,2360,N693SW,91,90,78,156,155,RNO,PDX,444,7,6,0,,0,2,0,1,0,1532008,1,6,7,1847,1720,2116,2000,WN,796,N274WN,89,100,77,76,87,RNO,PHX,601,5,7,0,,0,21,0,0,0,552008,1,6,7,944,930,1221,1210,WN,1006,N384SW,97,100,84,11,14,RNO,PHX,601,5,8,0,,0,NA,NA,NA,NA,NA2008,1,6,7,1151,1135,1421,1415,WN,1231,N484WN,90,100,78,6,16,RNO,PHX,601,5,7,0,,0,NA,NA,NA,NA,NA2008,1,6,7,755,740,918,930,WN,1940,N329SW,83,110,71,-12,15,RNO,SAN,488,4,8,0,,0,NA,NA,NA,NA,NA2008,1,6,7,1654,1600,1821,1750,WN,3513,N311SW,87,110,71,31,54,RNO,SAN,488,5,11,0,,0,5,0,0,0,262008,1,6,7,704,700,856,850,WN,293,N470WN,112,110,88,6,4,RNO,SEA,564,5,19,0,,0,NA,NA,NA,NA,NA2008,1,6,7,1547,1530,1725,1720,WN,3835,N337SW,98,110,86,5,17,RNO,SEA,564,4,8,0,,0,NA,NA,NA,NA,NA2008,1,6,7,2102,2035,2204,2135,WN,298,N485WN,62,60,48,29,27,RNO,SJC,188,4,10,0,,0,14,0,2,0,132008,1,6,7,911,850,1005,950,WN,463,N347SW,54,60,43,15,21,RNO,SJC,188,3,8,0,,0,10,0,0,0,52008,1,6,7,1334,1215,1432,1315,WN,1002,N409WN,58,60,48,77,79,RNO,SJC,188,3,7,0,,0,0,0,0,0,772008,1,6,7,1726,1710,1825,1810,WN,1276,N435WN,59,60,49,15,16,RNO,SJC,188,4,6,0,,0,11,0,0,0,42008,1,6,7,1259,1240,1531,1500,WN,2969,N643SW,92,80,62,31,19,RNO,SLC,422,21,9,0,,0,15,0,12,0,42008,1,6,7,1844,1825,2106,2045,WN,1830,N344SW,142,140,127,21,19,RSW,BWI,919,5,10,0,,0,19,0,2,0,02008,1,6,7,1116,1110,1346,1330,WN,3047,N313SW,150,140,130,16,6,RSW,BWI,919,3,17,0,,0,3,0,10,0,32008,1,6,7,1924,1910,2209,2150,WN,3485,N222WN,165,160,153,19,14,RSW,ISP,1101,3,9,0,,0,8,0,5,0,62008,1,6,7,703,620,741,705,WN,467,N209WN,38,45,25,36,43,RSW,MCO,133,6,7,0,,0,0,36,0,0,02008,1,6,7,1432,1430,1515,1520,WN,630,N427WN,43,50,30,-5,2,RSW,MCO,133,6,7,0,,0,NA,NA,NA,NA,NA2008,1,6,7,1624,1630,1709,1720,WN,1305,N777QC,45,50,32,-11,-6,RSW,MCO,133,7,6,0,,0,NA,NA,NA,NA,NA2008,1,6,7,1028,1025,1115,1115,WN,3754,N234WN,47,50,35,0,3,RSW,MCO,133,5,7,0,,0,NA,NA,NA,NA,NA2008,1,6,7,706,705,903,900,WN,902,N736SA,177,175,160,3,1,RSW,MDW,1105,5,12,0,,0,NA,NA,NA,NA,NA2008,1,6,7,1940,1945,2123,2140,WN,1169,N698SW,163,175,149,-17,-5,RSW,MDW,1105,7,7,0,,0,NA,NA,NA,NA,NA2008,1,6,7,1337,1340,1533,1535,WN,3587,N406WN,176,175,157,-2,-3,RSW,MDW,1105,5,14,0,,0,NA,NA,NA,NA,NA2008,1,6,7,1218,1220,1508,1505,WN,3660,N251WN,170,165,144,3,-2,RSW,PHL,992,4,22,0,,0,NA,NA,NA,NA,NA2008,1,6,7,1358,1345,1635,1625,WN,294,N656SW,97,100,76,10,13,SAN,ABQ,628,4,17,0,,0,NA,NA,NA,NA,NA2008,1,6,7,2045,1930,2310,2210,WN,1255,N470WN,85,100,72,60,75,SAN,ABQ,628,4,9,0,,0,0,8,0,0,522008,1,6,7,955,955,1225,1240,WN,1940,N329SW,90,105,77,-15,0,SAN,ABQ,628,4,9,0,,0,NA,NA,NA,NA,NA2008,1,6,7,809,810,1237,1250,WN,297,N287WN,148,160,134,-13,-1,SAN,AUS,1164,3,11,0,,0,NA,NA,NA,NA,NA2008,1,6,7,1557,1525,2019,2005,WN,2529,N770SA,142,160,129,14,32,SAN,AUS,1164,3,10,0,,0,NA,NA,NA,NA,NA2008,1,6,7,1511,1435,2035,2015,WN,179,N495WN,204,220,191,20,36,SAN,BNA,1751,4,9,0,,0,0,5,0,0,152008,1,6,7,939,930,1503,1510,WN,764,N231WN,204,220,190,-7,9,SAN,BNA,1751,3,11,0,,0,NA,NA,NA,NA,NA2008,1,6,7,723,715,1442,1505,WN,257,N445WN,259,290,249,-23,8,SAN,BWI,2295,4,6,0,,0,NA,NA,NA,NA,NA2008,1,6,7,1231,1225,1953,2010,WN,505,N468WN,262,285,248,-17,6,SAN,BWI,2295,4,10,0,,0,NA,NA,NA,NA,NA2008,1,6,7,1322,1305,1556,1545,WN,1156,N690SW,94,100,78,11,17,SAN,ELP,636,2,14,0,,0,NA,NA,NA,NA,NA2008,1,6,7,809,805,1300,1300,WN,588,N772SW,171,175,158,0,4,SAN,HOU,1312,3,10,0,,0,NA,NA,NA,NA,NA2008,1,6,7,738,735,845,845,WN,71,N397SW,67,70,54,0,3,SAN,LAS,258,5,8,0,,0,NA,NA,NA,NA,NA2008,1,6,7,1547,1520,1703,1630,WN,156,N764SW,76,70,57,33,27,SAN,LAS,258,6,13,0,,0,11,0,6,0,162008,1,6,7,928,920,1050,1030,WN,161,N711HK,82,70,55,20,8,SAN,LAS,258,4,23,0,,0,8,0,12,0,02008,1,6,7,1045,1025,1200,1135,WN,213,N509SW,75,70,50,25,20,SAN,LAS,258,15,10,0,,0,7,0,5,0,132008,1,6,7,635,635,745,750,WN,249,N279WN,70,75,52,-5,0,SAN,LAS,258,7,11,0,,0,NA,NA,NA,NA,NA2008,1,6,7,1809,1725,1921,1835,WN,415,N798SW,72,70,54,46,44,SAN,LAS,258,6,12,0,,0,0,0,19,0,272008,1,6,7,1437,1355,1559,1505,WN,709,N274WN,82,70,56,54,42,SAN,LAS,258,4,22,0,,0,0,0,18,0,362008,1,6,7,1627,1555,1744,1705,WN,719,N255WN,77,70,58,39,32,SAN,LAS,258,5,14,0,,0,8,0,7,0,242008,1,6,7,1818,1800,1926,1910,WN,802,N768SW,68,70,53,16,18,SAN,LAS,258,3,12,0,,0,5,0,0,0,112008,1,6,7,2046,2030,2155,2140,WN,1341,N793SA,69,70,53,15,16,SAN,LAS,258,5,11,0,,0,11,0,0,0,42008,1,6,7,1944,1900,2047,2010,WN,2273,N661SW,63,70,51,37,44,SAN,LAS,258,5,7,0,,0,12,0,0,0,252008,1,6,7,1700,1640,1833,1750,WN,2450,N453WN,93,70,58,43,20,SAN,LAS,258,27,8,0,,0,0,0,23,0,202008,1,6,7,2219,2120,2334,2230,WN,2816,N783SW,75,70,61,64,59,SAN,LAS,258,3,11,0,,0,0,8,5,0,512008,1,6,7,1219,1200,1335,1315,WN,3835,N337SW,76,75,54,20,19,SAN,LAS,258,11,11,0,,0,0,0,7,0,132008,1,6,7,945,915,1422,1420,WN,283,N441WN,157,185,144,2,30,SAN,MCI,1333,4,9,0,,0,NA,NA,NA,NA,NA2008,1,6,7,1903,1835,2344,2335,WN,318,N417WN,161,180,149,9,28,SAN,MCI,1333,4,8,0,,0,NA,NA,NA,NA,NA2008,1,6,7,1040,1030,1615,1620,WN,378,N285WN,215,230,195,-5,10,SAN,MDW,1728,5,15,0,,0,NA,NA,NA,NA,NA2008,1,6,7,654,655,1218,1250,WN,568,N783SW,204,235,188,-32,-1,SAN,MDW,1728,4,12,0,,0,NA,NA,NA,NA,NA2008,1,6,7,2147,1855,307,40,WN,3065,N460WN,200,225,184,147,172,SAN,MDW,1728,5,11,0,,0,0,11,0,0,1362008,1,6,7,1304,1250,1827,1845,WN,3510,N751SW,203,235,189,-18,14,SAN,MDW,1728,5,9,0,,0,NA,NA,NA,NA,NA2008,1,6,7,1653,1610,2213,2200,WN,3662,N297WN,200,230,188,13,43,SAN,MDW,1728,3,9,0,,0,NA,NA,NA,NA,NA2008,1,6,7,1412,1330,1543,1455,WN,78,N456WN,91,85,78,48,42,SAN,OAK,446,4,9,0,,0,11,0,6,0,312008,1,6,7,1125,1120,1257,1250,WN,493,N448WN,92,90,79,7,5,SAN,OAK,446,5,8,0,,0,NA,NA,NA,NA,NA2008,1,6,7,2028,1925,2155,2055,WN,644,N437WN,87,90,74,60,63,SAN,OAK,446,6,7,0,,0,3,0,0,0,572008,1,6,7,1734,1705,1914,1835,WN,687,N335SW,100,90,83,39,29,SAN,OAK,446,4,13,0,,0,7,0,10,0,222008,1,6,7,814,815,942,945,WN,783,N361SW,88,90,72,-3,-1,SAN,OAK,446,7,9,0,,0,NA,NA,NA,NA,NA2008,1,6,7,2140,1955,2320,2125,WN,809,N423WN,100,90,76,115,105,SAN,OAK,446,8,16,0,,0,50,0,10,0,552008,1,6,7,1527,1505,1659,1630,WN,1071,N358SW,92,85,80,29,22,SAN,OAK,446,3,9,0,,0,16,0,7,0,62008,1,6,7,1444,1430,1615,1555,WN,1112,N465WN,91,85,79,20,14,SAN,OAK,446,4,8,0,,0,9,0,6,0,52008,1,6,7,2135,2030,2314,2200,WN,1172,N224WN,99,90,78,74,65,SAN,OAK,446,8,13,0,,0,0,0,10,0,642008,1,6,7,1556,1540,1732,1705,WN,1179,N325SW,96,85,82,27,16,SAN,OAK,446,4,10,0,,0,7,0,11,0,92008,1,6,7,1315,1255,1446,1425,WN,1314,N475WN,91,90,79,21,20,SAN,OAK,446,3,9,0,,0,8,0,1,0,122008,1,6,7,935,925,1106,1055,WN,1599,N709SW,91,90,77,11,10,SAN,OAK,446,4,10,0,,0,NA,NA,NA,NA,NA2008,1,6,7,1807,1740,1939,1910,WN,2612,N431WN,92,90,79,29,27,SAN,OAK,446,4,9,0,,0,24,0,2,0,32008,1,6,7,1854,1810,2020,1940,WN,2971,N465WN,86,90,74,40,44,SAN,OAK,446,6,6,0,,0,6,0,0,0,342008,1,6,7,1104,1050,1241,1220,WN,3502,N301SW,97,90,82,21,14,SAN,OAK,446,4,11,0,,0,7,0,7,0,72008,1,6,7,841,845,1034,1015,WN,3503,N336SW,113,90,73,19,-4,SAN,OAK,446,27,13,0,,0,0,0,19,0,02008,1,6,7,1216,1200,1357,1330,WN,3679,N496WN,101,90,80,27,16,SAN,OAK,446,5,16,0,,0,6,0,11,0,102008,1,6,7,1950,1945,2151,2155,WN,114,N794SW,61,70,44,-4,5,SAN,PHX,304,5,12,0,,0,NA,NA,NA,NA,NA2008,1,6,7,1256,1235,1459,1445,WN,316,N712SW,63,70,46,14,21,SAN,PHX,304,6,11,0,,0,NA,NA,NA,NA,NA2008,1,6,7,1006,1005,1210,1215,WN,342,N483WN,64,70,48,-5,1,SAN,PHX,304,7,9,0,,0,NA,NA,NA,NA,NA2008,1,6,7,1612,1610,1820,1820,WN,410,N605SW,68,70,52,0,2,SAN,PHX,304,8,8,0,,0,NA,NA,NA,NA,NA2008,1,6,7,818,820,1042,1030,WN,414,N215WN,84,70,48,12,-2,SAN,PHX,304,6,30,0,,0,NA,NA,NA,NA,NA2008,1,6,7,711,710,916,915,WN,496,N224WN,65,65,49,1,1,SAN,PHX,304,5,11,0,,0,NA,NA,NA,NA,NA2008,1,6,7,2236,2140,31,2345,WN,943,N641SW,55,65,39,46,56,SAN,PHX,304,2,14,0,,0,18,0,0,0,282008,1,6,7,1220,1145,1417,1355,WN,1022,N689SW,57,70,45,22,35,SAN,PHX,304,4,8,0,,0,0,0,5,0,172008,1,6,7,1452,1415,1659,1625,WN,1684,N206WN,67,70,50,34,37,SAN,PHX,304,5,12,0,,0,0,0,7,0,272008,1,6,7,2212,2050,17,2255,WN,2092,N614SW,65,65,41,82,82,SAN,PHX,304,3,21,0,,0,0,0,5,0,772008,1,6,7,1822,1720,2028,1935,WN,2268,N664WN,66,75,45,53,62,SAN,PHX,304,10,11,0,,0,10,0,0,0,432008,1,6,7,1117,1105,1317,1315,WN,2703,N230WN,60,70,46,2,12,SAN,PHX,304,5,9,0,,0,NA,NA,NA,NA,NA2008,1,6,7,2008,1800,2203,2010,WN,3669,N362SW,55,70,45,113,128,SAN,PHX,304,3,7,0,,0,0,0,0,0,1132008,1,6,7,950,925,1119,1105,WN,530,N320SW,89,100,75,14,25,SAN,RNO,488,6,8,0,,0,NA,NA,NA,NA,NA2008,1,6,7,1911,1755,2048,1935,WN,1511,N734SA,97,100,76,73,76,SAN,RNO,488,6,15,0,,0,25,0,0,0,482008,1,6,7,1109,1105,1524,1540,WN,832,N443WN,135,155,126,-16,4,SAN,SAT,1129,2,7,0,,0,NA,NA,NA,NA,NA2008,1,6,7,1549,1440,1724,1620,WN,123,N263WN,95,100,78,64,69,SAN,SFO,447,3,14,0,,0,0,0,51,0,132008,1,6,7,2231,2110,26,2250,WN,381,N656SW,115,100,82,96,81,SAN,SFO,447,6,27,0,,0,0,0,24,0,722008,1,6,7,1745,1720,1933,1900,WN,458,N419WN,108,100,91,33,25,SAN,SFO,447,5,12,0,,0,0,0,8,0,252008,1,6,7,1244,1230,1417,1410,WN,585,N447WN,93,100,81,7,14,SAN,SFO,447,3,9,0,,0,NA,NA,NA,NA,NA2008,1,6,7,1030,1015,1206,1155,WN,1597,N206WN,96,100,81,11,15,SAN,SFO,447,7,8,0,,0,NA,NA,NA,NA,NA2008,1,6,7,836,835,959,1015,WN,1855,N712SW,83,100,72,-16,1,SAN,SFO,447,3,8,0,,0,NA,NA,NA,NA,NA2008,1,6,7,637,640,805,820,WN,3077,N290WN,88,100,72,-15,-3,SAN,SFO,447,4,12,0,,0,NA,NA,NA,NA,NA2008,1,6,7,2002,1910,2147,2050,WN,3839,N293,105,100,75,57,52,SAN,SFO,447,17,13,0,,0,0,5,5,0,472008,1,6,7,951,950,1111,1110,WN,67,N795SW,80,80,67,1,1,SAN,SJC,417,4,9,0,,0,NA,NA,NA,NA,NA2008,1,6,7,740,740,905,900,WN,324,N277WN,85,80,70,5,0,SAN,SJC,417,4,11,0,,0,NA,NA,NA,NA,NA2008,1,6,7,1448,1430,1614,1550,WN,392,N288WN,86,80,69,24,18,SAN,SJC,417,3,14,0,,0,11,0,6,0,72008,1,6,7,1201,1110,1326,1235,WN,635,N423WN,85,85,70,51,51,SAN,SJC,417,4,11,0,,0,3,0,0,0,482008,1,6,7,1811,1730,1942,1850,WN,1188,N748SW,91,80,75,52,41,SAN,SJC,417,4,12,0,,0,0,0,11,0,412008,1,6,7,1916,1855,2046,2015,WN,1209,N398SW,90,80,75,31,21,SAN,SJC,417,2,13,0,,0,18,0,10,0,32008,1,6,7,2212,2105,2400,2225,WN,1482,N675AA,108,80,74,95,67,SAN,SJC,417,6,28,0,,0,0,36,28,0,312008,1,6,7,1655,1650,1818,1810,WN,1600,N354SW,83,80,70,8,5,SAN,SJC,417,3,10,0,,0,NA,NA,NA,NA,NA2008,1,6,7,1323,1305,1459,1425,WN,2965,N305SW,96,80,72,34,18,SAN,SJC,417,7,17,0,,0,7,0,16,0,112008,1,6,7,1312,1230,1444,1405,WN,72,N336SW,92,95,78,39,42,SAN,SMF,480,5,9,0,,0,7,0,0,0,322008,1,6,7,1412,1340,1544,1515,WN,137,N798SW,92,95,78,29,32,SAN,SMF,480,3,11,0,,0,8,0,0,0,212008,1,6,7,1725,1710,1859,1840,WN,176,N248WN,94,90,77,19,15,SAN,SMF,480,4,13,0,,0,0,0,4,0,152008,1,6,7,1543,1530,1714,1700,WN,299,N208WN,91,90,76,14,13,SAN,SMF,480,4,11,0,,0,NA,NA,NA,NA,NA2008,1,6,7,1643,1620,1815,1750,WN,372,N312SW,92,90,80,25,23,SAN,SMF,480,4,8,0,,0,0,0,2,0,232008,1,6,7,2000,1930,2132,2105,WN,574,N659SW,92,95,80,27,30,SAN,SMF,480,3,9,0,,0,7,0,0,0,202008,1,6,7,1118,1115,1251,1250,WN,1010,N673AA,93,95,81,1,3,SAN,SMF,480,6,6,0,,0,NA,NA,NA,NA,NA2008,1,6,7,917,915,1047,1050,WN,1069,N690SW,90,95,78,-3,2,SAN,SMF,480,4,8,0,,0,NA,NA,NA,NA,NA2008,1,6,7,2301,2150,34,2320,WN,1320,N238WN,93,90,79,74,71,SAN,SMF,480,4,10,0,,0,15,0,3,0,562008,1,6,7,1007,1000,1139,1135,WN,2298,N644SW,92,95,79,4,7,SAN,SMF,480,4,9,0,,0,NA,NA,NA,NA,NA2008,1,6,7,1858,1815,2033,1950,WN,3600,N311SW,95,95,83,43,43,SAN,SMF,480,5,7,0,,0,0,12,0,0,312008,1,6,7,2303,2045,43,2220,WN,3673,N335SW,100,95,82,143,138,SAN,SMF,480,6,12,0,,0,0,75,5,0,632008,1,6,7,1225,1210,1430,1420,WN,98,N325SW,65,70,48,10,15,SAN,TUS,367,3,14,0,,0,NA,NA,NA,NA,NA2008,1,6,7,2213,2110,16,2320,WN,532,N748SW,63,70,47,56,63,SAN,TUS,367,4,12,0,,0,0,13,0,0,432008,1,6,7,1546,1505,1747,1715,WN,580,N606SW,61,70,48,32,41,SAN,TUS,367,4,9,0,,0,6,0,0,0,262008,1,6,7,805,810,1011,1020,WN,2992,N448WN,66,70,50,-9,-5,SAN,TUS,367,3,13,0,,0,NA,NA,NA,NA,NA2008,1,6,7,1608,1540,1821,1745,WN,2113,N306SW,133,125,105,36,28,SAT,BNA,822,5,23,0,,0,4,0,8,0,242008,1,6,7,655,700,857,905,WN,3599,N387SW,122,125,107,-8,-5,SAT,BNA,822,7,8,0,,0,NA,NA,NA,NA,NA2008,1,6,7,711,715,1115,1120,WN,903,N219WN,184,185,170,-5,-4,SAT,BWI,1407,2,12,0,,0,NA,NA,NA,NA,NA2008,1,6,7,1437,1435,1841,1840,WN,3419,N458WN,184,185,171,1,2,SAT,BWI,1407,4,9,0,,0,NA,NA,NA,NA,NA2008,1,6,7,1959,1945,2054,2040,WN,120,N519SW,55,55,43,14,14,SAT,DAL,248,3,9,0,,0,NA,NA,NA,NA,NA2008,1,6,7,901,900,1001,955,WN,130,N658SW,60,55,46,6,1,SAT,DAL,248,4,10,0,,0,NA,NA,NA,NA,NA2008,1,6,7,1005,1010,1103,1105,WN,146,N504SW,58,55,46,-2,-5,SAT,DAL,248,5,7,0,,0,NA,NA,NA,NA,NA2008,1,6,7,1849,1855,1946,1950,WN,572,N425LV,57,55,43,-4,-6,SAT,DAL,248,2,12,0,,0,NA,NA,NA,NA,NA2008,1,6,7,1106,1100,1208,1155,WN,1170,N389SW,62,55,48,13,6,SAT,DAL,248,6,8,0,,0,NA,NA,NA,NA,NA2008,1,6,7,2038,2045,2129,2140,WN,2023,N357SW,51,55,41,-11,-7,SAT,DAL,248,3,7,0,,0,NA,NA,NA,NA,NA2008,1,6,7,1739,1740,1832,1835,WN,2027,N329SW,53,55,41,-3,-1,SAT,DAL,248,4,8,0,,0,NA,NA,NA,NA,NA2008,1,6,7,1421,1425,1514,1520,WN,2353,N360SW,53,55,41,-6,-4,SAT,DAL,248,3,9,0,,0,NA,NA,NA,NA,NA2008,1,6,7,1718,1710,1816,1805,WN,2624,N379SW,58,55,45,11,8,SAT,DAL,248,5,8,0,,0,NA,NA,NA,NA,NA2008,1,6,7,1243,1245,1334,1340,WN,2906,N792SW,51,55,40,-6,-2,SAT,DAL,248,3,8,0,,0,NA,NA,NA,NA,NA2008,1,6,7,1542,1535,1638,1630,WN,3168,N635SW,56,55,46,8,7,SAT,DAL,248,3,7,0,,0,NA,NA,NA,NA,NA2008,1,6,7,1355,1355,1454,1450,WN,3508,N511SW,59,55,48,4,0,SAT,DAL,248,4,7,0,,0,NA,NA,NA,NA,NA2008,1,6,7,1139,1140,1235,1235,WN,3924,N680AA,56,55,45,0,-1,SAT,DAL,248,4,7,0,,0,NA,NA,NA,NA,NA2008,1,6,7,2030,2025,2100,2055,WN,186,N450WN,90,90,77,5,5,SAT,ELP,496,3,10,0,,0,NA,NA,NA,NA,NA2008,1,6,7,1106,1110,1134,1140,WN,511,N298WN,88,90,75,-6,-4,SAT,ELP,496,3,10,0,,0,NA,NA,NA,NA,NA2008,1,6,7,1732,1735,1803,1805,WN,1414,N699SW,91,90,76,-2,-3,SAT,ELP,496,3,12,0,,0,NA,NA,NA,NA,NA2008,1,6,7,730,735,803,805,WN,2969,N643SW,93,90,77,-2,-5,SAT,ELP,496,3,13,0,,0,NA,NA,NA,NA,NA2008,1,6,7,957,1000,1049,1045,WN,713,N638SW,52,45,39,4,-3,SAT,HOU,192,4,9,0,,0,NA,NA,NA,NA,NA2008,1,6,7,1358,1400,1449,1450,WN,714,N758SW,51,50,37,-1,-2,SAT,HOU,192,5,9,0,,0,NA,NA,NA,NA,NA2008,1,6,7,2000,1935,2049,2020,WN,2015,N449WN,49,45,34,29,25,SAT,HOU,192,6,9,0,,0,0,0,4,0,252008,1,6,7,1618,1620,1714,1710,WN,2174,N769SW,56,50,41,4,-2,SAT,HOU,192,4,11,0,,0,NA,NA,NA,NA,NA2008,1,6,7,1153,1145,1255,1235,WN,2176,N640SW,62,50,46,20,8,SAT,HOU,192,3,13,0,,0,4,0,12,0,42008,1,6,7,841,845,933,930,WN,2475,N489WN,52,45,41,3,-4,SAT,HOU,192,3,8,0,,0,NA,NA,NA,NA,NA2008,1,6,7,1852,1835,1944,1925,WN,3408,N213WN,52,50,37,19,17,SAT,HOU,192,5,10,0,,0,5,0,2,0,122008,1,6,7,1829,1830,1917,1920,WN,1936,N357SW,48,50,37,-3,-1,SAT,HRL,233,3,8,0,,0,NA,NA,NA,NA,NA2008,1,6,7,637,640,726,740,WN,711,N709SW,169,180,157,-14,-3,SAT,LAS,1069,4,8,0,,0,NA,NA,NA,NA,NA2008,1,6,7,1936,1925,2035,2020,WN,1166,N728SW,179,175,160,15,11,SAT,LAS,1069,9,10,0,,0,0,0,4,0,112008,1,6,7,1530,1520,1646,1620,WN,2101,N416WN,196,180,162,26,10,SAT,LAS,1069,7,27,0,,0,0,0,26,0,02008,1,6,7,1043,1040,1137,1140,WN,3575,N297WN,174,180,157,-3,3,SAT,LAS,1069,7,10,0,,0,NA,NA,NA,NA,NA2008,1,6,7,1251,1245,1428,1405,WN,1609,N781WN,217,200,179,23,6,SAT,LAX,1210,30,8,0,,0,6,0,17,0,02008,1,6,7,1010,1015,1343,1345,WN,348,N507SW,153,150,137,-2,-5,SAT,MCO,1040,5,11,0,,0,NA,NA,NA,NA,NA2008,1,6,7,1601,1605,1934,1935,WN,832,N443WN,153,150,134,-1,-4,SAT,MCO,1040,7,12,0,,0,NA,NA,NA,NA,NA2008,1,6,7,1730,1720,1952,1950,WN,116,N706SW,142,150,125,2,10,SAT,MDW,1036,7,10,0,,0,NA,NA,NA,NA,NA2008,1,6,7,829,835,958,1000,WN,207,N656SW,149,145,128,-2,-6,SAT,PHX,843,7,14,0,,0,NA,NA,NA,NA,NA2008,1,6,7,1937,1935,2108,2100,WN,998,N753SW,151,145,133,8,2,SAT,PHX,843,5,13,0,,0,NA,NA,NA,NA,NA2008,1,6,7,1649,1650,1821,1820,WN,1679,N339SW,152,150,133,1,-1,SAT,PHX,843,7,12,0,,0,NA,NA,NA,NA,NA2008,1,6,7,1122,1125,1245,1255,WN,3767,N794SW,143,150,127,-10,-3,SAT,PHX,843,6,10,0,,0,NA,NA,NA,NA,NA2008,1,6,7,1257,1300,1405,1400,WN,1112,N465WN,188,180,177,5,-3,SAT,SAN,1129,2,9,0,,0,NA,NA,NA,NA,NA2008,1,6,7,1257,1235,1616,1555,WN,327,N623SW,139,140,124,21,22,SAT,TPA,972,4,11,0,,0,20,0,0,0,12008,1,6,7,956,1000,1000,1010,WN,63,N758SW,64,70,51,-10,-4,SDF,BHM,323,3,10,0,,0,NA,NA,NA,NA,NA2008,1,6,7,1710,1620,1708,1630,WN,821,N421LV,58,70,49,38,50,SDF,BHM,323,3,6,0,,0,11,0,0,0,272008,1,6,7,2033,2020,2151,2145,WN,693,N280WN,78,85,66,6,13,SDF,BWI,495,5,7,0,,0,NA,NA,NA,NA,NA2008,1,6,7,1845,1825,2011,1950,WN,794,N694SW,86,85,68,21,20,SDF,BWI,495,12,6,0,,0,20,0,1,0,02008,1,6,7,1337,1325,1456,1450,WN,2019,N333SW,79,85,69,6,12,SDF,BWI,495,3,7,0,,0,NA,NA,NA,NA,NA2008,1,6,7,1110,1110,1230,1235,WN,2727,N435WN,80,85,69,-5,0,SDF,BWI,495,4,7,0,,0,NA,NA,NA,NA,NA2008,1,6,7,1619,1605,1734,1725,WN,2730,N900WN,255,260,241,9,14,SDF,LAS,1624,5,9,0,,0,NA,NA,NA,NA,NA2008,1,6,7,850,850,1032,1055,WN,247,N753SW,102,125,88,-23,0,SDF,MCO,718,7,7,0,,0,NA,NA,NA,NA,NA2008,1,6,7,1747,1730,1933,1935,WN,2808,N671SW,106,125,94,-2,17,SDF,MCO,718,6,6,0,,0,NA,NA,NA,NA,NA2008,1,6,7,2116,2110,2130,2115,WN,342,N483WN,74,65,49,15,6,SDF,MDW,271,7,18,0,,0,0,0,9,0,62008,1,6,7,1713,1700,1723,1705,WN,718,N724SW,70,65,56,18,13,SDF,MDW,271,5,9,0,,0,7,0,5,0,62008,1,6,7,1143,1145,1148,1150,WN,806,N410WN,65,65,54,-2,-2,SDF,MDW,271,4,7,0,,0,NA,NA,NA,NA,NA2008,1,6,7,1359,1350,1410,1355,WN,1188,N748SW,71,65,59,15,9,SDF,MDW,271,4,8,0,,0,0,0,8,0,72008,1,6,7,842,840,1045,1045,WN,876,N237WN,243,245,228,0,2,SDF,PHX,1506,8,7,0,,0,NA,NA,NA,NA,NA2008,1,6,7,1234,1220,1234,1225,WN,187,N307SW,60,65,48,9,14,SDF,STL,254,5,7,0,,0,NA,NA,NA,NA,NA2008,1,6,7,1708,1655,1710,1700,WN,977,N612SW,62,65,54,10,13,SDF,STL,254,2,6,0,,0,NA,NA,NA,NA,NA2008,1,6,7,1411,1410,1602,1615,WN,87,N343SW,111,125,100,-13,1,SDF,TPA,727,4,7,0,,0,NA,NA,NA,NA,NA2008,1,6,7,640,640,831,845,WN,2469,N626SW,111,125,98,-14,0,SDF,TPA,727,5,8,0,,0,NA,NA,NA,NA,NA2008,1,6,7,721,720,1112,1105,WN,438,N302SW,171,165,149,7,1,SEA,ABQ,1180,3,19,0,,0,NA,NA,NA,NA,NA2008,1,6,7,1443,1405,1817,1750,WN,972,N292WN,154,165,141,27,38,SEA,ABQ,1180,3,10,0,,0,3,0,0,0,242008,1,6,7,1143,1135,1748,1745,WN,959,N700GS,245,250,231,3,8,SEA,BNA,1977,4,10,0,,0,NA,NA,NA,NA,NA2008,1,6,7,1256,1255,1517,1510,WN,318,N417WN,81,75,58,7,1,SEA,BOI,399,4,19,0,,0,NA,NA,NA,NA,NA2008,1,6,7,2040,1950,2300,2205,WN,336,N629SW,80,75,56,55,50,SEA,BOI,399,13,11,0,,0,9,0,5,0,412008,1,6,7,724,720,1005,935,WN,781,N252WN,101,75,82,30,4,SEA,BOI,399,6,13,0,,0,0,0,30,0,02008,1,6,7,734,735,1104,1110,WN,533,N263WN,150,155,127,-6,-1,SEA,DEN,1024,7,16,0,,0,NA,NA,NA,NA,NA2008,1,6,7,1959,1925,2329,2300,WN,1158,N358SW,150,155,130,29,34,SEA,DEN,1024,7,13,0,,0,0,0,0,0,292008,1,6,7,1452,1425,1827,1800,WN,1568,N688SW,155,155,134,27,27,SEA,DEN,1024,4,17,0,,0,26,0,0,0,12008,1,6,7,947,945,1307,1320,WN,1856,N413WN,140,155,125,-13,2,SEA,DEN,1024,5,10,0,,0,NA,NA,NA,NA,NA2008,1,6,7,1219,1215,1321,1310,WN,337,N259WN,62,55,41,11,4,SEA,GEG,224,5,16,0,,0,NA,NA,NA,NA,NA2008,1,6,7,2113,2010,2202,2105,WN,775,N336SW,49,55,35,57,63,SEA,GEG,224,2,12,0,,0,0,0,0,4,532008,1,6,7,1732,1640,1820,1735,WN,1682,N434WN,48,55,35,45,52,SEA,GEG,224,3,10,0,,0,7,0,0,0,382008,1,6,7,851,850,951,945,WN,2471,N692SW,60,55,42,6,1,SEA,GEG,224,3,15,0,,0,NA,NA,NA,NA,NA2008,1,6,7,1535,1445,1814,1710,WN,559,N338SW,159,145,122,64,50,SEA,LAS,866,6,31,0,,0,9,0,14,0,412008,1,6,7,1901,1840,2113,2105,WN,2211,N607SW,132,145,115,8,21,SEA,LAS,866,6,11,0,,0,NA,NA,NA,NA,NA2008,1,6,7,1127,1125,1344,1350,WN,2357,N255WN,137,145,116,-6,2,SEA,LAS,866,8,13,0,,0,NA,NA,NA,NA,NA2008,1,6,7,1425,1300,1947,1825,WN,730,N677AA,202,205,183,82,85,SEA,MCI,1489,6,13,0,,0,20,0,0,0,622008,1,6,7,637,635,1214,1230,WN,208,N799SW,217,235,202,-16,2,SEA,MDW,1733,4,11,0,,0,NA,NA,NA,NA,NA2008,1,6,7,1342,1345,1946,1935,WN,1189,N494WN,244,230,212,11,-3,SEA,MDW,1733,20,12,0,,0,NA,NA,NA,NA,NA2008,1,6,7,1100,1055,1652,1645,WN,2789,N258WN,232,230,215,7,5,SEA,MDW,1733,5,12,0,,0,NA,NA,NA,NA,NA2008,1,6,7,846,845,1039,1050,WN,111,N312SW,113,125,96,-11,1,SEA,OAK,671,6,11,0,,0,NA,NA,NA,NA,NA2008,1,6,7,1815,1730,2028,1935,WN,252,N305SW,133,125,91,53,45,SEA,OAK,671,31,11,0,,0,7,0,8,0,382008,1,6,7,1221,1210,1410,1415,WN,481,N430WN,109,125,93,-5,11,SEA,OAK,671,5,11,0,,0,NA,NA,NA,NA,NA2008,1,6,7,1027,1020,1224,1225,WN,898,N785SW,117,125,93,-1,7,SEA,OAK,671,9,15,0,,0,NA,NA,NA,NA,NA2008,1,6,7,2155,2100,1,2305,WN,1687,N354SW,126,125,86,56,55,SEA,OAK,671,29,11,0,,0,0,0,6,0,502008,1,6,7,1549,1540,1738,1745,WN,3402,N673AA,109,125,94,-7,9,SEA,OAK,671,6,9,0,,0,NA,NA,NA,NA,NA2008,1,6,7,1850,1825,2054,2030,WN,3589,N301SW,124,125,91,24,25,SEA,OAK,671,24,9,0,,0,14,0,0,0,102008,1,6,7,651,645,1039,1035,WN,154,N486WN,168,170,146,4,6,SEA,PHX,1107,10,12,0,,0,NA,NA,NA,NA,NA2008,1,6,7,1802,1745,2145,2130,WN,408,N337SW,163,165,144,15,17,SEA,PHX,1107,3,16,0,,0,0,0,11,0,42008,1,6,7,1035,1030,1426,1420,WN,2374,N378SW,171,170,146,6,5,SEA,PHX,1107,6,19,0,,0,NA,NA,NA,NA,NA2008,1,6,7,927,915,1059,1050,WN,380,N470WN,92,95,72,9,12,SEA,RNO,564,4,16,0,,0,NA,NA,NA,NA,NA2008,1,6,7,2128,1955,2253,2135,WN,1017,N249WN,85,100,70,78,93,SEA,RNO,564,4,11,0,,0,49,0,0,0,292008,1,6,7,815,750,1012,1000,WN,98,N325SW,117,130,101,12,25,SEA,SJC,697,4,12,0,,0,NA,NA,NA,NA,NA2008,1,6,7,1922,1850,2120,2055,WN,390,N689SW,118,125,99,25,32,SEA,SJC,697,11,8,0,,0,9,0,0,0,162008,1,6,7,1640,1530,1831,1740,WN,722,N423WN,111,130,95,51,70,SEA,SJC,697,4,12,0,,0,12,0,0,0,392008,1,6,7,1005,1005,1201,1215,WN,1322,N678AA,116,130,102,-14,0,SEA,SJC,697,4,10,0,,0,NA,NA,NA,NA,NA2008,1,6,7,813,810,1120,1105,WN,70,N392SW,127,115,98,15,3,SEA,SLC,689,14,15,0,,0,0,0,15,0,02008,1,6,7,1424,1400,1738,1655,WN,1214,N782SA,134,115,87,43,24,SEA,SLC,689,36,11,0,,0,24,0,19,0,02008,1,6,7,1850,1820,2137,2110,WN,1747,N636WN,107,110,93,27,30,SEA,SLC,689,3,11,0,,0,14,0,0,0,132008,1,6,7,1127,1100,1304,1245,WN,73,N350SW,97,105,82,19,27,SEA,SMF,605,4,11,0,,0,0,0,6,0,132008,1,6,7,1745,1500,1918,1645,WN,151,N460WN,93,105,78,153,165,SEA,SMF,605,6,9,0,,0,5,0,0,0,1482008,1,6,7,704,700,842,845,WN,474,N311SW,98,105,82,-3,4,SEA,SMF,605,5,11,0,,0,NA,NA,NA,NA,NA2008,1,6,7,1722,1710,1902,1855,WN,1395,N610WN,100,105,82,7,12,SEA,SMF,605,4,14,0,,0,NA,NA,NA,NA,NA2008,1,6,7,1931,1925,2108,2110,WN,2467,N296WN,97,105,78,-2,6,SEA,SMF,605,4,15,0,,0,NA,NA,NA,NA,NA2008,1,6,7,2005,1925,2121,2055,WN,632,N419WN,76,90,62,26,40,SFO,LAS,414,4,10,0,,0,4,0,0,0,222008,1,6,7,635,630,750,800,WN,643,N677AA,75,90,58,-10,5,SFO,LAS,414,6,11,0,,0,NA,NA,NA,NA,NA2008,1,6,7,1114,1110,1240,1240,WN,706,N778SW,86,90,67,0,4,SFO,LAS,414,6,13,0,,0,NA,NA,NA,NA,NA2008,1,6,7,1501,1440,1641,1610,WN,1018,N447WN,100,90,71,31,21,SFO,LAS,414,4,25,0,,0,14,0,10,0,72008,1,6,7,852,845,1010,1015,WN,1285,N290WN,78,90,62,-5,7,SFO,LAS,414,6,10,0,,0,NA,NA,NA,NA,NA2008,1,6,7,1627,1620,1811,1750,WN,1924,N705SW,104,90,66,21,7,SFO,LAS,414,22,16,0,,0,7,0,14,0,02008,1,6,7,2229,2105,2355,2235,WN,2875,N265WN,86,90,65,80,84,SFO,LAS,414,9,12,0,,0,0,0,0,0,802008,1,6,7,1812,1805,1932,1930,WN,442,N720WN,80,85,59,2,7,SFO,LAX,337,7,14,0,,0,NA,NA,NA,NA,NA2008,1,6,7,852,850,1002,1025,WN,475,N283WN,70,95,51,-23,2,SFO,LAX,337,8,11,0,,0,NA,NA,NA,NA,NA2008,1,6,7,1048,1050,1207,1220,WN,553,N720WN,79,90,50,-13,-2,SFO,LAX,337,4,25,0,,0,NA,NA,NA,NA,NA2008,1,6,7,1735,1615,1914,1740,WN,578,N283WN,99,85,57,94,80,SFO,LAX,337,10,32,0,,0,4,0,14,0,762008,1,6,7,1302,1235,1434,1405,WN,750,N283WN,92,90,50,29,27,SFO,LAX,337,12,30,0,,0,0,0,28,0,12008,1,6,7,2200,1955,2334,2120,WN,777,N283WN,94,85,64,134,125,SFO,LAX,337,19,11,0,,0,36,0,9,0,892008,1,6,7,1450,1430,1600,1555,WN,801,N720WN,70,85,49,5,20,SFO,LAX,337,4,17,0,,0,NA,NA,NA,NA,NA2008,1,6,7,1356,1310,1956,1920,WN,106,N493WN,240,250,205,36,46,SFO,MDW,1855,6,29,0,,0,0,0,25,0,112008,1,6,7,1742,1650,2337,2300,WN,210,N263WN,235,250,208,37,52,SFO,MDW,1855,11,16,0,,0,0,0,0,0,372008,1,6,7,703,705,1246,1315,WN,477,N481WN,223,250,207,-29,-2,SFO,MDW,1855,4,12,0,,0,NA,NA,NA,NA,NA2008,1,6,7,1042,1040,1226,1210,WN,316,N712SW,104,90,73,16,2,SFO,SAN,447,6,25,0,,0,0,0,16,0,02008,1,6,7,802,805,920,935,WN,342,N483WN,78,90,61,-15,-3,SFO,SAN,447,3,14,0,,0,NA,NA,NA,NA,NA2008,1,6,7,620,620,738,750,WN,414,N215WN,78,90,63,-12,0,SFO,SAN,447,4,11,0,,0,NA,NA,NA,NA,NA2008,1,6,7,1249,1220,1419,1350,WN,1684,N206WN,90,90,63,29,29,SFO,SAN,447,3,24,0,,0,0,0,18,0,112008,1,6,7,2013,1900,2147,2030,WN,2092,N614SW,94,90,77,77,73,SFO,SAN,447,4,13,0,,0,3,0,4,0,702008,1,6,7,1454,1415,1619,1545,WN,3662,N297WN,85,90,61,34,39,SFO,SAN,447,2,22,0,,0,13,0,0,0,212008,1,6,7,1815,1600,1938,1730,WN,3669,N362SW,83,90,63,128,135,SFO,SAN,447,3,17,0,,0,0,0,0,0,1282008,1,6,7,2214,2115,2348,2245,WN,3926,N293,94,90,69,63,59,SFO,SAN,447,6,19,0,,0,0,0,6,0,572008,1,6,7,2015,1955,2107,2055,WN,325,N466WN,52,60,42,12,20,SJC,BUR,296,1,9,0,,0,NA,NA,NA,NA,NA2008,1,6,7,1536,1510,1629,1610,WN,504,N644SW,53,60,43,19,26,SJC,BUR,296,2,8,0,,0,12,0,0,0,72008,1,6,7,2255,2055,2345,2155,WN,579,N459WN,50,60,40,110,120,SJC,BUR,296,2,8,0,,0,3,0,0,0,1072008,1,6,7,1007,1005,1059,1105,WN,732,N281WN,52,60,42,-6,2,SJC,BUR,296,3,7,0,,0,NA,NA,NA,NA,NA2008,1,6,7,1749,1740,1847,1840,WN,1500,N291WN,58,60,41,7,9,SJC,BUR,296,4,13,0,,0,NA,NA,NA,NA,NA2008,1,6,7,NA,835,NA,935,WN,1776,,NA,60,NA,NA,NA,SJC,BUR,296,NA,NA,1,A,0,NA,NA,NA,NA,NA2008,1,6,7,1207,1145,1257,1245,WN,2032,N551WN,50,60,41,12,22,SJC,BUR,296,2,7,0,,0,NA,NA,NA,NA,NA2008,1,6,7,1455,1410,1547,1510,WN,2383,N218WN,52,60,43,37,45,SJC,BUR,296,1,8,0,,0,24,0,0,0,132008,1,6,7,1107,1105,1159,1205,WN,3946,N446WN,52,60,43,-6,2,SJC,BUR,296,2,7,0,,0,NA,NA,NA,NA,NA2008,1,6,7,928,925,1041,1045,WN,170,N467WN,73,80,58,-4,3,SJC,LAS,386,5,10,0,,0,NA,NA,NA,NA,NA2008,1,6,7,1238,1220,1351,1340,WN,396,N245WN,73,80,62,11,18,SJC,LAS,386,4,7,0,,0,NA,NA,NA,NA,NA2008,1,6,7,1105,1045,1222,1205,WN,419,N487WN,77,80,63,17,20,SJC,LAS,386,7,7,0,,0,0,0,9,0,82008,1,6,7,658,650,808,810,WN,1774,N763SW,70,80,55,-2,8,SJC,LAS,386,4,11,0,,0,NA,NA,NA,NA,NA2008,1,6,7,2231,2125,2343,2245,WN,1858,N206WN,72,80,58,58,66,SJC,LAS,386,5,9,0,,0,14,0,0,0,442008,1,6,7,1802,1700,1910,1820,WN,2025,N256WN,68,80,53,50,62,SJC,LAS,386,7,8,0,,0,17,0,0,0,332008,1,6,7,2118,1955,2243,2115,WN,2533,N476WN,85,80,62,88,83,SJC,LAS,386,6,17,0,,0,9,0,5,0,742008,1,6,7,1453,1410,1609,1530,WN,2907,N669SW,76,80,65,39,43,SJC,LAS,386,5,6,0,,0,0,13,0,0,262008,1,6,7,1935,1840,2048,2000,WN,3142,N490WN,73,80,53,48,55,SJC,LAS,386,13,7,0,,0,13,0,0,0,352008,1,6,7,641,640,747,750,WN,180,N474WN,66,70,52,-3,1,SJC,LAX,308,5,9,0,,0,NA,NA,NA,NA,NA2008,1,6,7,1159,1125,1316,1240,WN,321,N395SW,77,75,55,36,34,SJC,LAX,308,6,16,0,,0,0,0,9,0,272008,1,6,7,2037,1855,2201,2005,WN,361,N307SW,84,70,60,116,102,SJC,LAX,308,7,17,0,,0,0,0,34,0,822008,1,6,7,1035,1010,1135,1125,WN,463,N347SW,60,75,50,10,25,SJC,LAX,308,4,6,0,,0,NA,NA,NA,NA,NA2008,1,6,7,2217,2130,2340,2240,WN,625,N352SW,83,70,64,60,47,SJC,LAX,308,7,12,0,,0,0,0,21,0,392008,1,6,7,1641,1605,1750,1715,WN,1004,N781WN,69,70,53,35,36,SJC,LAX,308,5,11,0,,0,0,0,0,0,352008,1,6,7,1800,1710,1913,1820,WN,1044,N361SW,73,70,53,53,50,SJC,LAX,308,8,12,0,,0,0,0,16,0,372008,1,6,7,1537,1425,1650,1535,WN,1081,N470WN,73,70,53,75,72,SJC,LAX,308,12,8,0,,0,20,0,3,0,522008,1,6,7,2107,2040,2247,2150,WN,2285,N499WN,100,70,67,57,27,SJC,LAX,308,7,26,0,,0,0,0,45,0,122008,1,6,7,1919,1800,2032,1910,WN,2441,N459WN,73,70,54,82,79,SJC,LAX,308,8,11,0,,0,9,0,3,0,702008,1,6,7,1356,1325,1505,1435,WN,2633,N323SW,69,70,50,30,31,SJC,LAX,308,6,13,0,,0,0,0,0,12,182008,1,6,7,1634,1515,1746,1625,WN,3048,N388SW,72,70,51,81,79,SJC,LAX,308,8,13,0,,0,18,0,2,0,612008,1,6,7,859,855,1003,1010,WN,3831,N391SW,64,75,49,-7,4,SJC,LAX,308,5,10,0,,0,NA,NA,NA,NA,NA2008,1,6,7,704,650,1241,1255,WN,2470,N216WR,217,245,206,-14,14,SJC,MDW,1838,3,8,0,,0,NA,NA,NA,NA,NA2008,1,6,7,1355,1345,1953,1950,WN,3063,N271WN,238,245,212,3,10,SJC,MDW,1838,13,13,0,,0,NA,NA,NA,NA,NA2008,1,6,7,1042,1035,1143,1145,WN,217,N642WN,61,70,49,-2,7,SJC,ONT,333,3,9,0,,0,NA,NA,NA,NA,NA2008,1,6,7,2229,2155,2330,2305,WN,298,N485WN,61,70,48,25,34,SJC,ONT,333,6,7,0,,0,4,0,0,0,212008,1,6,7,2126,1955,2233,2105,WN,412,N318SW,67,70,51,88,91,SJC,ONT,333,6,10,0,,0,10,0,0,0,782008,1,6,7,1657,1610,1756,1720,WN,780,N288WN,59,70,47,36,47,SJC,ONT,333,5,7,0,,0,18,0,0,0,182008,1,6,7,1906,1835,2004,1945,WN,1276,N435WN,58,70,47,19,31,SJC,ONT,333,5,6,0,,0,10,0,0,0,92008,1,6,7,1236,1235,1336,1345,WN,1322,N678AA,60,70,49,-9,1,SJC,ONT,333,4,7,0,,0,NA,NA,NA,NA,NA2008,1,6,7,910,910,1013,1020,WN,2114,N376SW,63,70,51,-7,0,SJC,ONT,333,4,8,0,,0,NA,NA,NA,NA,NA2008,1,6,7,1418,1345,1518,1455,WN,2558,N692SW,60,70,49,23,33,SJC,ONT,333,5,6,0,,0,12,0,0,0,112008,1,6,7,1721,1630,1900,1815,WN,173,N350SW,99,105,87,45,51,SJC,PDX,569,3,9,0,,0,0,0,0,0,452008,1,6,7,2224,2125,10,2310,WN,343,N360SW,106,105,95,60,59,SJC,PDX,569,3,8,0,,0,8,0,1,0,512008,1,6,7,832,830,1004,1020,WN,3338,N463WN,92,110,82,-16,2,SJC,PDX,569,3,7,0,,0,NA,NA,NA,NA,NA2008,1,6,7,1246,1210,1426,1355,WN,3426,N311SW,100,105,87,31,36,SJC,PDX,569,4,9,0,,0,9,0,0,0,222008,1,6,7,1753,1650,2033,1935,WN,1415,N642WN,100,105,79,58,63,SJC,PHX,621,8,13,0,,0,50,0,0,0,82008,1,6,7,938,915,1211,1200,WN,2474,N786SW,93,105,81,11,23,SJC,PHX,621,6,6,0,,0,NA,NA,NA,NA,NA2008,1,6,7,1316,1300,1542,1545,WN,2725,N242WN,86,105,76,-3,16,SJC,PHX,621,4,6,0,,0,NA,NA,NA,NA,NA2008,1,6,7,1954,1825,2223,2115,WN,3236,N205WN,89,110,74,68,89,SJC,PHX,621,5,10,0,,0,12,0,0,0,562008,1,6,7,2145,2120,8,5,WN,3344,N415WN,83,105,72,3,25,SJC,PHX,621,4,7,0,,0,NA,NA,NA,NA,NA2008,1,6,7,932,930,1025,1025,WN,324,N277WN,53,55,39,0,2,SJC,RNO,188,6,8,0,,0,NA,NA,NA,NA,NA2008,1,6,7,2114,2035,2205,2130,WN,1209,N398SW,51,55,36,35,39,SJC,RNO,188,4,11,0,,0,7,0,0,0,282008,1,6,7,1729,1645,1810,1740,WN,2645,N692SW,41,55,33,30,44,SJC,RNO,188,1,7,0,,0,9,0,0,0,212008,1,6,7,1138,1125,1224,1220,WN,2969,N643SW,46,55,35,4,13,SJC,RNO,188,5,6,0,,0,NA,NA,NA,NA,NA2008,1,6,7,1040,1025,1156,1140,WN,98,N325SW,76,75,67,16,15,SJC,SAN,417,2,7,0,,0,3,0,1,0,122008,1,6,7,2152,2115,2307,2230,WN,390,N689SW,75,75,59,37,37,SJC,SAN,417,9,7,0,,0,12,0,0,0,252008,1,6,7,2018,1925,2133,2045,WN,532,N748SW,75,80,59,48,53,SJC,SAN,417,4,12,0,,0,1,0,0,0,472008,1,6,7,1400,1320,1508,1435,WN,580,N606SW,68,75,59,33,40,SJC,SAN,417,3,6,0,,0,12,0,0,0,212008,1,6,7,1134,1125,1251,1240,WN,674,N305SW,77,75,67,11,9,SJC,SAN,417,2,8,0,,0,NA,NA,NA,NA,NA2008,1,6,7,1913,1805,2020,1925,WN,722,N423WN,67,80,57,55,68,SJC,SAN,417,4,6,0,,0,14,0,0,0,412008,1,6,7,2045,2005,2154,2120,WN,943,N641SW,69,75,60,34,40,SJC,SAN,417,3,6,0,,0,11,0,0,0,232008,1,6,7,752,750,904,905,WN,2203,N320SW,72,75,60,-1,2,SJC,SAN,417,3,9,0,,0,NA,NA,NA,NA,NA2008,1,6,7,1631,1535,1740,1650,WN,2268,N664WN,69,75,58,50,56,SJC,SAN,417,4,7,0,,0,23,0,0,0,272008,1,6,7,758,755,950,1005,WN,152,N378SW,112,130,103,-15,3,SJC,SEA,697,3,6,0,,0,NA,NA,NA,NA,NA2008,1,6,7,1414,1300,1603,1510,WN,635,N423WN,109,130,99,53,74,SJC,SEA,697,4,6,0,,0,16,0,0,0,372008,1,6,7,1931,1830,2130,2040,WN,1600,N354SW,119,130,109,50,61,SJC,SEA,697,2,8,0,,0,43,0,0,0,72008,1,6,7,1536,1450,1738,1700,WN,2965,N305SW,122,130,106,38,46,SJC,SEA,697,5,11,0,,0,10,0,0,0,282008,1,6,7,2021,1950,2125,2105,WN,279,N433LV,64,75,50,20,31,SJC,SNA,342,3,11,0,,0,1,0,0,0,192008,1,6,7,1159,1135,1304,1250,WN,786,N795SW,65,75,56,14,24,SJC,SNA,342,3,6,0,,0,NA,NA,NA,NA,NA2008,1,6,7,2133,2040,2232,2155,WN,824,N414WN,59,75,48,37,53,SJC,SNA,342,4,7,0,,0,8,0,0,0,292008,1,6,7,1507,1340,1614,1455,WN,1002,N409WN,67,75,56,79,87,SJC,SNA,342,4,7,0,,0,9,0,0,0,702008,1,6,7,1606,1545,1714,1700,WN,2028,N268WN,68,75,57,14,21,SJC,SNA,342,4,7,0,,0,NA,NA,NA,NA,NA2008,1,6,7,929,925,1038,1040,WN,2648,N288WN,69,75,58,-2,4,SJC,SNA,342,4,7,0,,0,NA,NA,NA,NA,NA2008,1,6,7,1808,1740,1915,1855,WN,3411,N716SW,67,75,57,20,28,SJC,SNA,342,4,6,0,,0,6,0,0,0,142008,1,6,7,1605,1520,1733,1650,WN,2969,N643SW,88,90,71,43,45,SLC,ABQ,493,5,12,0,,0,13,0,0,0,302008,1,6,7,854,855,1016,1025,WN,3234,N213WN,82,90,66,-9,-1,SLC,ABQ,493,3,13,0,,0,NA,NA,NA,NA,NA2008,1,6,7,1706,1625,1804,1730,WN,1022,N689SW,58,65,46,34,41,SLC,BOI,291,2,10,0,,0,4,0,0,0,302008,1,6,7,1030,1030,1146,1140,WN,1041,N417WN,76,70,48,6,0,SLC,BOI,291,2,26,0,,0,NA,NA,NA,NA,NA2008,1,6,7,2027,1935,2127,2045,WN,1662,N718SW,60,70,46,42,52,SLC,BOI,291,3,11,0,,0,2,0,0,0,402008,1,6,7,1517,1325,2102,1925,WN,1678,N239WN,225,240,208,97,112,SLC,BWI,1864,5,12,0,,0,0,0,11,0,862008,1,6,7,2100,2040,2210,2205,WN,410,N605SW,70,85,55,5,20,SLC,DEN,391,5,10,0,,0,NA,NA,NA,NA,NA2008,1,6,7,645,645,800,810,WN,557,N437WN,75,85,54,-10,0,SLC,DEN,391,7,14,0,,0,NA,NA,NA,NA,NA2008,1,6,7,1027,1010,1216,1140,WN,720,N405WN,109,90,54,36,17,SLC,DEN,391,7,48,0,,0,0,0,27,0,92008,1,6,7,1536,1355,1655,1515,WN,963,N380SW,79,80,58,100,101,SLC,DEN,391,5,16,0,,0,34,0,0,0,662008,1,6,7,1918,1845,2026,2010,WN,1585,N780SW,68,85,53,16,33,SLC,DEN,391,6,9,0,,0,2,0,0,0,142008,1,6,7,1520,1220,1549,1305,WN,151,N460WN,89,105,76,164,180,SLC,GEG,546,4,9,0,,0,0,26,0,0,1382008,1,6,7,1019,1015,1124,1040,WN,43,N330SW,125,85,63,44,4,SLC,LAS,368,6,56,0,,0,0,0,44,0,02008,1,6,7,2338,2045,1,2105,WN,159,N798SW,83,80,59,176,173,SLC,LAS,368,7,17,0,,0,15,0,3,0,1582008,1,6,7,1931,1855,1949,1915,WN,400,N206WN,78,80,59,34,36,SLC,LAS,368,4,15,0,,0,8,0,0,0,262008,1,6,7,1359,1300,1432,1320,WN,584,N215WN,93,80,64,72,59,SLC,LAS,368,3,26,0,,0,10,0,13,0,492008,1,6,7,707,705,722,725,WN,592,N447WN,75,80,60,-3,2,SLC,LAS,368,3,12,0,,0,NA,NA,NA,NA,NA2008,1,6,7,1734,1640,1758,1700,WN,641,N209WN,84,80,65,58,54,SLC,LAS,368,4,15,0,,0,22,0,4,0,322008,1,6,7,1455,1430,1516,1450,WN,783,N361SW,81,80,63,26,25,SLC,LAS,368,4,14,0,,0,0,14,1,0,112008,1,6,7,750,750,812,810,WN,790,N728SW,82,80,68,2,0,SLC,LAS,368,4,10,0,,0,NA,NA,NA,NA,NA2008,1,6,7,1531,1355,1633,1455,WN,1756,N451WN,122,120,94,98,96,SLC,LAX,590,11,17,0,,0,0,0,25,0,732008,1,6,7,1813,1710,1918,1810,WN,2377,N320SW,125,120,98,68,63,SLC,LAX,590,11,16,0,,0,25,0,5,0,382008,1,6,7,1038,1010,1322,1110,WN,2549,N738CB,224,120,103,132,28,SLC,LAX,590,8,113,0,,0,0,0,131,0,12008,1,6,7,2041,1955,2145,2050,WN,2986,N242WN,124,115,94,55,46,SLC,LAX,590,16,14,0,,0,15,0,9,0,312008,1,6,7,1807,1625,2155,2025,WN,337,N259WN,168,180,147,90,102,SLC,MDW,1258,5,16,0,,0,28,0,0,0,622008,1,6,7,852,830,1238,1230,WN,401,N746SW,166,180,144,8,22,SLC,MDW,1258,5,17,0,,0,NA,NA,NA,NA,NA2008,1,6,7,1515,1415,1620,1515,WN,130,N658SW,125,120,97,65,60,SLC,OAK,588,4,24,0,,0,0,0,23,0,422008,1,6,7,1735,1725,1833,1825,WN,901,N601WN,118,120,97,8,10,SLC,OAK,588,6,15,0,,0,NA,NA,NA,NA,NA2008,1,6,7,659,700,745,805,WN,1253,N480WN,106,125,90,-20,-1,SLC,OAK,588,5,11,0,,0,NA,NA,NA,NA,NA2008,1,6,7,1112,1055,1311,1155,WN,2527,N253WN,179,120,98,76,17,SLC,OAK,588,3,78,0,,0,9,0,59,0,82008,1,6,7,2015,2015,2114,2120,WN,3743,N235WN,119,125,95,-6,0,SLC,OAK,588,11,13,0,,0,NA,NA,NA,NA,NA2008,1,6,7,839,840,933,945,WN,622,N407WN,114,125,92,-12,-1,SLC,PDX,630,4,18,0,,0,NA,NA,NA,NA,NA2008,1,6,7,1939,1815,2023,1915,WN,1852,N717SA,104,120,91,68,84,SLC,PDX,630,5,8,0,,0,10,0,0,0,582008,1,6,7,1546,1205,1632,1310,WN,3141,N459WN,106,125,92,202,221,SLC,PDX,630,3,11,0,,0,0,202,0,0,02008,1,6,7,1530,1345,1710,1520,WN,508,N711HK,100,95,80,110,105,SLC,PHX,507,6,14,0,,0,0,0,34,0,762008,1,6,7,827,830,958,1010,WN,769,N242WN,91,100,79,-12,-3,SLC,PHX,507,5,7,0,,0,NA,NA,NA,NA,NA2008,1,6,7,1839,1515,2016,1650,WN,966,N250WN,97,95,76,206,204,SLC,PHX,507,5,16,0,,0,191,0,2,0,132008,1,6,7,1832,1725,2012,1905,WN,1214,N782SA,100,100,77,67,67,SLC,PHX,507,5,18,0,,0,24,0,0,0,432008,1,6,7,2202,2130,2331,2305,WN,1747,N636WN,89,95,76,26,32,SLC,PHX,507,5,8,0,,0,0,4,0,0,222008,1,6,7,1138,1115,1431,1255,WN,2360,N693SW,173,100,80,96,23,SLC,PHX,507,8,85,0,,0,0,0,92,0,42008,1,6,7,2027,1940,2200,2115,WN,2369,N492WN,93,95,76,45,47,SLC,PHX,507,4,13,0,,0,0,16,0,0,292008,1,6,7,641,635,815,815,WN,3949,N334SW,94,100,81,0,6,SLC,PHX,507,5,8,0,,0,NA,NA,NA,NA,NA2008,1,6,7,1130,1120,1312,1150,WN,1002,N409WN,162,90,65,82,10,SLC,RNO,422,5,92,0,,0,0,10,72,0,02008,1,6,7,626,625,729,745,WN,296,N392SW,123,140,104,-16,1,SLC,SEA,689,11,8,0,,0,NA,NA,NA,NA,NA2008,1,6,7,1124,1115,1334,1230,WN,643,N677AA,190,135,101,64,9,SLC,SEA,689,4,85,0,,0,0,0,64,0,02008,1,6,7,1707,1645,1809,1755,WN,1660,N636WN,122,130,97,14,22,SLC,SEA,689,6,19,0,,0,NA,NA,NA,NA,NA2008,1,6,7,1225,1130,1718,1515,WN,70,N392SW,233,165,140,123,55,SLC,STL,1156,3,90,0,,0,0,40,68,0,152008,1,6,7,1657,1605,2028,1950,WN,125,N210WN,151,165,133,38,52,SLC,STL,1156,4,14,0,,0,9,0,0,0,292008,1,6,7,929,910,1036,1020,WN,474,N311SW,67,70,54,16,19,SMF,BUR,358,3,10,0,,0,16,0,0,0,02008,1,6,7,1836,1810,1942,1920,WN,740,N312SW,66,70,54,22,26,SMF,BUR,358,2,10,0,,0,1,0,0,0,212008,1,6,7,1443,1350,1551,1500,WN,1045,N318SW,68,70,53,51,53,SMF,BUR,358,7,8,0,,0,0,0,13,0,382008,1,6,7,1228,1225,1342,1335,WN,1120,N376SW,74,70,53,7,3,SMF,BUR,358,12,9,0,,0,NA,NA,NA,NA,NA2008,1,6,7,1710,1545,1812,1650,WN,1252,N215WN,62,65,53,82,85,SMF,BUR,358,2,7,0,,0,0,0,0,0,822008,1,6,7,755,755,900,905,WN,1321,N394SW,65,70,54,-5,0,SMF,BUR,358,2,9,0,,0,NA,NA,NA,NA,NA2008,1,6,7,1045,1045,1149,1155,WN,1573,N636WN,64,70,54,-6,0,SMF,BUR,358,2,8,0,,0,NA,NA,NA,NA,NA2008,1,6,7,2215,2045,2315,2155,WN,1853,N325SW,60,70,51,80,90,SMF,BUR,358,2,7,0,,0,8,0,0,0,722008,1,6,7,1704,1615,1809,1720,WN,2457,N634SW,65,65,54,49,49,SMF,BUR,358,3,8,0,,0,0,0,0,0,492008,1,6,7,2032,1935,2136,2045,WN,2540,N209WN,64,70,54,51,57,SMF,BUR,358,3,7,0,,0,42,0,0,0,92008,1,6,7,844,840,956,1000,WN,157,N240WN,72,80,59,-4,4,SMF,LAS,397,5,8,0,,0,NA,NA,NA,NA,NA2008,1,6,7,2132,2110,2303,2230,WN,446,N339SW,91,80,62,33,22,SMF,LAS,397,7,22,0,,0,0,0,11,0,222008,1,6,7,2101,1920,2220,2035,WN,728,N432WN,79,75,60,105,101,SMF,LAS,397,6,13,0,,0,32,0,4,0,692008,1,6,7,1944,1810,2059,1925,WN,908,N610WN,75,75,62,94,94,SMF,LAS,397,5,8,0,,0,75,0,0,0,192008,1,6,7,1437,1335,1557,1455,WN,1050,N237WN,80,80,64,62,62,SMF,LAS,397,4,12,0,,0,0,0,22,0,402008,1,6,7,1608,1520,1751,1635,WN,2192,N682SW,103,75,68,76,48,SMF,LAS,397,5,30,0,,0,0,0,33,0,432008,1,6,7,1207,1120,1325,1235,WN,3232,N438WN,78,75,59,50,47,SMF,LAS,397,4,15,0,,0,8,0,3,0,392008,1,6,7,1515,1510,1635,1630,WN,71,N397SW,80,80,62,5,5,SMF,LAX,373,8,10,0,,0,NA,NA,NA,NA,NA2008,1,6,7,1349,1310,1501,1430,WN,73,N350SW,72,80,61,31,39,SMF,LAX,373,4,7,0,,0,16,0,0,0,152008,1,6,7,1144,1135,1313,1255,WN,330,N473WN,89,80,64,18,9,SMF,LAX,373,5,20,0,,0,9,0,9,0,02008,1,6,7,1739,1720,1905,1840,WN,386,N208WN,86,80,64,25,19,SMF,LAX,373,15,7,0,,0,5,0,6,0,142008,1,6,7,938,940,1055,1100,WN,1668,N341SW,77,80,62,-5,-2,SMF,LAX,373,9,6,0,,0,NA,NA,NA,NA,NA2008,1,6,7,1930,1915,2123,2035,WN,2202,N268WN,113,80,60,48,15,SMF,LAX,373,17,36,0,,0,2,0,33,0,132008,1,6,7,800,800,918,920,WN,2635,N665WN,78,80,59,-2,0,SMF,LAX,373,5,14,0,,0,NA,NA,NA,NA,NA2008,1,6,7,2200,2115,2337,2235,WN,2815,N312SW,97,80,69,62,45,SMF,LAX,373,9,19,0,,0,0,0,38,0,242008,1,6,7,1623,1610,1742,1730,WN,3588,N420WN,79,80,57,12,13,SMF,LAX,373,8,14,0,,0,NA,NA,NA,NA,NA2008,1,6,7,708,705,1205,1220,WN,1949,N649SW,177,195,166,-15,3,SMF,MCI,1442,4,7,0,,0,NA,NA,NA,NA,NA2008,1,6,7,649,640,1218,1235,WN,234,N762SW,209,235,199,-17,9,SMF,MDW,1790,2,8,0,,0,NA,NA,NA,NA,NA2008,1,6,7,1349,1330,1926,1925,WN,567,N464WN,217,235,205,1,19,SMF,MDW,1790,4,8,0,,0,NA,NA,NA,NA,NA2008,1,6,7,823,825,931,940,WN,498,N688SW,68,75,57,-9,-2,SMF,ONT,389,4,7,0,,0,NA,NA,NA,NA,NA2008,1,6,7,942,945,1050,1100,WN,627,N284WN,68,75,57,-10,-3,SMF,ONT,389,4,7,0,,0,NA,NA,NA,NA,NA2008,1,6,7,2149,2125,2259,2240,WN,633,N659SW,70,75,55,19,24,SMF,ONT,389,6,9,0,,0,0,0,0,0,192008,1,6,7,1409,1310,1514,1425,WN,1424,N734SA,65,75,55,49,59,SMF,ONT,389,4,6,0,,0,7,0,0,0,422008,1,6,7,1114,1105,1228,1220,WN,1495,N394SW,74,75,58,8,9,SMF,ONT,389,4,12,0,,0,NA,NA,NA,NA,NA2008,1,6,7,1612,1550,1722,1705,WN,1496,N678AA,70,75,56,17,22,SMF,ONT,389,5,9,0,,0,3,0,0,0,142008,1,6,7,1207,1200,1318,1315,WN,2385,N644SW,71,75,57,3,7,SMF,ONT,389,4,10,0,,0,NA,NA,NA,NA,NA2008,1,6,7,1950,1940,2058,2055,WN,2458,N270WN,68,75,54,3,10,SMF,ONT,389,6,8,0,,0,NA,NA,NA,NA,NA2008,1,6,7,2120,2025,2237,2140,WN,2807,N350SW,77,75,62,57,55,SMF,ONT,389,5,10,0,,0,8,0,2,0,472008,1,6,7,1749,1710,1859,1825,WN,3659,N497WN,70,75,56,34,39,SMF,ONT,389,6,8,0,,0,0,0,0,0,342008,1,6,7,1513,1430,1623,1545,WN,3764,N336SW,70,75,55,38,43,SMF,ONT,389,5,10,0,,0,3,0,0,0,352008,1,6,7,2207,2105,2339,2230,WN,102,N663SW,92,85,79,69,62,SMF,PDX,479,4,9,0,,0,58,0,7,0,42008,1,6,7,903,900,1023,1030,WN,350,N615SW,80,90,71,-7,3,SMF,PDX,479,2,7,0,,0,NA,NA,NA,NA,NA2008,1,6,7,659,700,822,835,WN,577,N713SW,83,95,70,-13,-1,SMF,PDX,479,4,9,0,,0,NA,NA,NA,NA,NA2008,1,6,7,1354,1330,1518,1500,WN,705,N633SW,84,90,73,18,24,SMF,PDX,479,4,7,0,,0,1,0,0,0,172008,1,6,7,1105,1100,1232,1230,WN,2121,N332SW,87,90,74,2,5,SMF,PDX,479,3,10,0,,0,NA,NA,NA,NA,NA2008,1,6,7,1724,1645,1852,1815,WN,2720,N323SW,88,90,76,37,39,SMF,PDX,479,3,9,0,,0,8,0,0,0,292008,1,6,7,1950,1855,2123,2025,WN,3155,N227WN,93,90,75,58,55,SMF,PDX,479,6,12,0,,0,14,0,3,0,412008,1,6,7,2310,1940,149,2225,WN,517,N250WN,99,105,77,204,210,SMF,PHX,647,4,18,0,,0,0,0,0,0,2042008,1,6,7,1634,1625,1912,1915,WN,964,N733SA,98,110,85,-3,9,SMF,PHX,647,6,7,0,,0,NA,NA,NA,NA,NA2008,1,6,7,839,835,1124,1125,WN,1946,N422WN,105,110,89,-1,4,SMF,PHX,647,7,9,0,,0,NA,NA,NA,NA,NA2008,1,6,7,1004,1000,1255,1250,WN,2039,N386SW,111,110,98,5,4,SMF,PHX,647,6,7,0,,0,NA,NA,NA,NA,NA2008,1,6,7,1225,1220,1503,1510,WN,2786,N428WN,98,110,85,-7,5,SMF,PHX,647,6,7,0,,0,NA,NA,NA,NA,NA2008,1,6,7,2134,2105,4,2350,WN,3585,N716SW,90,105,77,14,29,SMF,PHX,647,6,7,0,,0,NA,NA,NA,NA,NA2008,1,6,7,1810,1800,1925,1925,WN,114,N794SW,75,85,63,0,10,SMF,SAN,480,4,8,0,,0,NA,NA,NA,NA,NA2008,1,6,7,1945,1710,2114,1835,WN,151,N460WN,89,85,75,159,155,SMF,SAN,480,3,11,0,,0,2,0,4,0,1532008,1,6,7,1316,1245,1437,1410,WN,179,N495WN,81,85,71,27,31,SMF,SAN,480,4,6,0,,0,0,0,0,12,152008,1,6,7,2222,2055,2346,2220,WN,181,N435WN,84,85,69,86,87,SMF,SAN,480,6,9,0,,0,86,0,0,0,02008,1,6,7,1200,1200,1328,1325,WN,294,N656SW,88,85,73,3,0,SMF,SAN,480,3,12,0,,0,NA,NA,NA,NA,NA2008,1,6,7,832,835,952,1000,WN,378,N285WN,80,85,68,-8,-3,SMF,SAN,480,4,8,0,,0,NA,NA,NA,NA,NA2008,1,6,7,1426,1410,1542,1535,WN,410,N605SW,76,85,69,7,16,SMF,SAN,480,2,5,0,,0,NA,NA,NA,NA,NA2008,1,6,7,1029,1025,1154,1150,WN,505,N468WN,85,85,74,4,4,SMF,SAN,480,3,8,0,,0,NA,NA,NA,NA,NA2008,1,6,7,740,735,902,900,WN,764,N231WN,82,85,68,2,5,SMF,SAN,480,3,11,0,,0,NA,NA,NA,NA,NA2008,1,6,7,1115,1110,1244,1235,WN,1156,N690SW,89,85,79,9,5,SMF,SAN,480,2,8,0,,0,NA,NA,NA,NA,NA2008,1,6,7,1958,1920,2116,2045,WN,1395,N675AA,78,85,67,31,38,SMF,SAN,480,4,7,0,,0,25,0,0,0,62008,1,6,7,1616,1540,1732,1705,WN,1775,N798SW,76,85,66,27,36,SMF,SAN,480,3,7,0,,0,5,0,0,0,222008,1,6,7,2131,2130,2251,2255,WN,2467,N296WN,80,85,59,-4,1,SMF,SAN,480,13,8,0,,0,NA,NA,NA,NA,NA2008,1,6,7,1002,955,1140,1150,WN,337,N259WN,98,115,85,-10,7,SMF,SEA,605,5,8,0,,0,NA,NA,NA,NA,NA2008,1,6,7,1901,1755,2044,1945,WN,775,N336SW,103,110,92,59,66,SMF,SEA,605,4,7,0,,0,6,0,0,0,532008,1,6,7,1332,1315,1515,1510,WN,1010,N673AA,103,115,91,5,17,SMF,SEA,605,6,6,0,,0,NA,NA,NA,NA,NA2008,1,6,7,635,635,823,830,WN,2471,N692SW,108,115,89,-7,0,SMF,SEA,605,10,9,0,,0,NA,NA,NA,NA,NA2008,1,6,7,2103,2010,2252,2200,WN,3600,N311SW,109,110,94,52,53,SMF,SEA,605,5,10,0,,0,10,0,0,0,422008,1,6,7,1935,1900,2049,2025,WN,263,N248WN,74,85,62,24,35,SMF,SNA,404,4,8,0,,0,11,0,0,0,132008,1,6,7,850,850,1009,1015,WN,265,N245WN,79,85,67,-6,0,SMF,SNA,404,5,7,0,,0,NA,NA,NA,NA,NA2008,1,6,7,1325,1315,1443,1435,WN,2709,N742SW,78,80,65,8,10,SMF,SNA,404,5,8,0,,0,NA,NA,NA,NA,NA2008,1,6,7,1553,1535,1711,1655,WN,3072,N479WN,78,80,68,16,18,SMF,SNA,404,4,6,0,,0,4,0,0,0,122008,1,6,7,1741,1715,1854,1835,WN,3140,N775SW,73,80,60,19,26,SMF,SNA,404,5,8,0,,0,19,0,0,0,02008,1,6,7,1039,1040,1157,1205,WN,3689,N272WN,78,85,66,-8,-1,SMF,SNA,404,5,7,0,,0,NA,NA,NA,NA,NA2008,1,6,7,1338,1320,1437,1425,WN,74,N795SW,59,65,47,12,18,SNA,LAS,226,4,8,0,,0,NA,NA,NA,NA,NA2008,1,6,7,2033,1950,2134,2055,WN,486,N266WN,61,65,46,39,43,SNA,LAS,226,4,11,0,,0,14,0,0,0,252008,1,6,7,1006,1005,1117,1110,WN,693,N280WN,71,65,50,7,1,SNA,LAS,226,4,17,0,,0,NA,NA,NA,NA,NA2008,1,6,7,1646,1525,1802,1630,WN,1865,N409WN,76,65,52,92,81,SNA,LAS,226,8,16,0,,0,2,0,11,0,792008,1,6,7,1810,1800,1911,1905,WN,2794,N295WN,61,65,48,6,10,SNA,LAS,226,4,9,0,,0,NA,NA,NA,NA,NA2008,1,6,7,2139,2125,2306,2245,WN,366,N433LV,87,80,68,21,14,SNA,OAK,371,7,12,0,,0,0,0,7,0,142008,1,6,7,2040,2000,2217,2120,WN,2093,N430WN,97,80,71,57,40,SNA,OAK,371,16,10,0,,0,0,0,23,0,342008,1,6,7,1105,1105,1231,1225,WN,2735,N288WN,86,80,74,6,0,SNA,OAK,371,5,7,0,,0,NA,NA,NA,NA,NA2008,1,6,7,1510,1505,1639,1625,WN,2796,N742SW,89,80,78,14,5,SNA,OAK,371,4,7,0,,0,NA,NA,NA,NA,NA2008,1,6,7,1742,1730,1910,1855,WN,3159,N479WN,88,85,78,15,12,SNA,OAK,371,4,6,0,,0,0,0,3,0,122008,1,6,7,849,850,1010,1015,WN,3340,N411WN,81,85,67,-5,-1,SNA,OAK,371,7,7,0,,0,NA,NA,NA,NA,NA2008,1,6,7,1230,1230,1401,1355,WN,3776,N272WN,91,85,75,6,0,SNA,OAK,371,4,12,0,,0,NA,NA,NA,NA,NA2008,1,6,7,1616,1555,1742,1720,WN,3853,N496WN,86,85,75,22,21,SNA,OAK,371,5,6,0,,0,0,0,1,0,212008,1,6,7,915,915,1123,1130,WN,248,N447WN,68,75,54,-7,0,SNA,PHX,338,7,7,0,,0,NA,NA,NA,NA,NA2008,1,6,7,2114,2045,2316,2255,WN,263,N248WN,62,70,46,21,29,SNA,PHX,338,4,12,0,,0,4,0,0,0,172008,1,6,7,818,820,1036,1035,WN,664,N731SA,78,75,56,1,-2,SNA,PHX,338,10,12,0,,0,NA,NA,NA,NA,NA2008,1,6,7,1254,1225,1459,1435,WN,1506,N241WN,65,70,50,24,29,SNA,PHX,338,7,8,0,,0,2,0,0,0,222008,1,6,7,1651,1640,1903,1850,WN,1566,N232WN,72,70,53,13,11,SNA,PHX,338,6,13,0,,0,NA,NA,NA,NA,NA2008,1,6,7,1452,1440,1659,1650,WN,1745,N745SW,67,70,52,9,12,SNA,PHX,338,7,8,0,,0,NA,NA,NA,NA,NA2008,1,6,7,1918,1900,2131,2110,WN,3140,N775SW,73,70,48,21,18,SNA,PHX,338,7,18,0,,0,0,0,3,0,182008,1,6,7,1030,1025,1229,1235,WN,3657,N739GB,59,70,49,-6,5,SNA,PHX,338,5,5,0,,0,NA,NA,NA,NA,NA2008,1,6,7,1829,1815,1959,1930,WN,192,N433LV,90,75,72,29,14,SNA,SJC,342,9,9,0,,0,4,0,15,0,102008,1,6,7,1044,1040,1203,1155,WN,352,N245WN,79,75,65,8,4,SNA,SJC,342,10,4,0,,0,NA,NA,NA,NA,NA2008,1,6,7,827,830,942,945,WN,645,N281WN,75,75,64,-3,-3,SNA,SJC,342,4,7,0,,0,NA,NA,NA,NA,NA2008,1,6,7,1607,1555,1721,1710,WN,1413,N291WN,74,75,65,11,12,SNA,SJC,342,3,6,0,,0,NA,NA,NA,NA,NA2008,1,6,7,2109,2030,2237,2145,WN,1935,N260WN,88,75,71,52,39,SNA,SJC,342,6,11,0,,0,7,0,13,0,322008,1,6,7,1428,1405,1546,1520,WN,1941,N268WN,78,75,65,26,23,SNA,SJC,342,4,9,0,,0,6,0,3,0,172008,1,6,7,1231,1230,1401,1345,WN,2209,N218WN,90,75,67,16,1,SNA,SJC,342,4,19,0,,0,0,0,16,0,02008,1,6,7,946,945,1110,1110,WN,576,N473WN,84,85,71,0,1,SNA,SMF,404,7,6,0,,0,NA,NA,NA,NA,NA2008,1,6,7,1156,1140,1315,1305,WN,970,N464WN,79,85,69,10,16,SNA,SMF,404,4,6,0,,0,NA,NA,NA,NA,NA2008,1,6,7,1741,1730,1908,1855,WN,2115,N268WN,87,85,74,13,11,SNA,SMF,404,4,9,0,,0,NA,NA,NA,NA,NA2008,1,6,7,2128,2100,2254,2225,WN,3401,N294WN,86,85,73,29,28,SNA,SMF,404,5,8,0,,0,11,0,1,0,172008,1,6,7,1942,1920,2111,2045,WN,3498,N716SW,89,85,71,26,22,SNA,SMF,404,9,9,0,,0,0,0,6,0,202008,1,6,7,1426,1420,1551,1545,WN,3501,N420WN,85,85,75,6,6,SNA,SMF,404,4,6,0,,0,NA,NA,NA,NA,NA2008,1,6,7,745,745,929,930,WN,1586,N318SW,164,165,149,-1,0,STL,ABQ,934,4,11,0,,0,NA,NA,NA,NA,NA2008,1,6,7,1739,1615,1902,1730,WN,2205,N346SW,83,75,64,92,84,STL,BHM,410,4,15,0,,0,71,0,8,0,132008,1,6,7,1811,1810,2056,2105,WN,86,N713SW,105,115,91,-9,1,STL,BWI,737,4,10,0,,0,NA,NA,NA,NA,NA2008,1,6,7,1427,1420,1715,1715,WN,406,N621SW,108,115,98,0,7,STL,BWI,737,4,6,0,,0,NA,NA,NA,NA,NA2008,1,6,7,948,950,1234,1245,WN,974,N266WN,106,115,93,-11,-2,STL,BWI,737,4,9,0,,0,NA,NA,NA,NA,NA2008,1,6,7,2100,2100,2338,2350,WN,1156,N690SW,98,110,87,-12,0,STL,BWI,737,3,8,0,,0,NA,NA,NA,NA,NA2008,1,6,7,1904,1905,2133,2130,WN,752,N348SW,89,85,72,3,-1,STL,CLE,487,5,12,0,,0,NA,NA,NA,NA,NA2008,1,6,7,949,950,1216,1220,WN,3151,N651SW,87,90,72,-4,-1,STL,CLE,487,5,10,0,,0,NA,NA,NA,NA,NA2008,1,6,7,1616,1610,1826,1825,WN,283,N441WN,70,75,58,1,6,STL,CMH,410,4,8,0,,0,NA,NA,NA,NA,NA2008,1,6,7,959,1005,1210,1220,WN,928,N756SA,71,75,58,-10,-6,STL,CMH,410,4,9,0,,0,NA,NA,NA,NA,NA2008,1,6,7,1142,1125,1318,1310,WN,29,N327SW,96,105,85,8,17,STL,DAL,546,4,7,0,,0,NA,NA,NA,NA,NA2008,1,6,7,2222,1945,2358,2130,WN,479,N738CB,96,105,85,148,157,STL,DAL,546,3,8,0,,0,0,0,0,0,1482008,1,6,7,923,925,1100,1110,WN,501,N528SW,97,105,86,-10,-2,STL,DAL,546,3,8,0,,0,NA,NA,NA,NA,NA2008,1,6,7,2122,2100,2301,2245,WN,1062,N424WN,99,105,86,16,22,STL,DAL,546,5,8,0,,0,8,0,0,0,82008,1,6,7,1310,1310,1450,1455,WN,1679,N339SW,100,105,87,-5,0,STL,DAL,546,3,10,0,,0,NA,NA,NA,NA,NA2008,1,6,7,1749,1740,1932,1925,WN,2007,N399WN,103,105,88,7,9,STL,DAL,546,4,11,0,,0,NA,NA,NA,NA,NA2008,1,6,7,1439,1435,1616,1620,WN,2361,N747SA,97,105,86,-4,4,STL,DAL,546,4,7,0,,0,NA,NA,NA,NA,NA2008,1,6,7,808,805,945,950,WN,3837,N680AA,97,105,84,-5,3,STL,DAL,546,4,9,0,,0,NA,NA,NA,NA,NA2008,1,6,7,2042,2030,2256,2250,WN,2889,N457WN,74,80,60,6,12,STL,DTW,440,5,9,0,,0,NA,NA,NA,NA,NA2008,1,6,7,1529,1525,1752,1755,WN,3949,N334SW,83,90,71,-3,4,STL,DTW,440,7,5,0,,0,NA,NA,NA,NA,NA2008,1,6,7,858,855,1225,1230,WN,631,N741SA,147,155,130,-5,3,STL,FLL,1056,4,13,0,,0,NA,NA,NA,NA,NA2008,1,6,7,750,755,944,1005,WN,847,N510SW,114,130,102,-21,-5,STL,HOU,687,3,9,0,,0,NA,NA,NA,NA,NA2008,1,6,7,1950,1945,2150,2150,WN,982,N773SA,120,125,106,0,5,STL,HOU,687,5,9,0,,0,NA,NA,NA,NA,NA2008,1,6,7,1442,1440,1703,1650,WN,983,N725SW,141,130,109,13,2,STL,HOU,687,25,7,0,,0,NA,NA,NA,NA,NA2008,1,6,7,1405,1125,1612,1335,WN,2009,N626SW,127,130,116,157,160,STL,HOU,687,5,6,0,,0,3,0,0,0,1542008,1,6,7,1737,1735,1929,1915,WN,725,N282WN,232,220,203,14,2,STL,LAS,1372,13,16,0,,0,NA,NA,NA,NA,NA2008,1,6,7,1159,1200,1333,1345,WN,1011,N433LV,214,225,201,-12,-1,STL,LAS,1372,5,8,0,,0,NA,NA,NA,NA,NA2008,1,6,7,650,650,844,835,WN,2121,N332SW,234,225,218,9,0,STL,LAS,1372,6,10,0,,0,NA,NA,NA,NA,NA2008,1,6,7,1502,1450,1715,1700,WN,440,N779SW,253,250,237,15,12,STL,LAX,1593,10,6,0,,0,12,0,3,0,02008,1,6,7,935,935,1043,1040,WN,2177,N611SW,68,65,52,3,0,STL,LIT,296,4,12,0,,0,NA,NA,NA,NA,NA2008,1,6,7,1837,1825,1942,1930,WN,2263,N640SW,65,65,50,12,12,STL,LIT,296,5,10,0,,0,NA,NA,NA,NA,NA2008,1,6,7,1302,1250,1410,1350,WN,187,N307SW,68,60,44,20,12,STL,MCI,237,4,20,0,,0,3,0,8,0,92008,1,6,7,925,925,1023,1025,WN,472,N362SW,58,60,47,-2,0,STL,MCI,237,3,8,0,,0,NA,NA,NA,NA,NA2008,1,6,7,2106,2110,2204,2210,WN,954,N626SW,58,60,45,-6,-4,STL,MCI,237,4,9,0,,0,NA,NA,NA,NA,NA2008,1,6,7,1736,1730,1836,1830,WN,977,N612SW,60,60,47,6,6,STL,MCI,237,4,9,0,,0,NA,NA,NA,NA,NA2008,1,6,7,1524,1520,1619,1620,WN,1209,N398SW,55,60,45,-1,4,STL,MCI,237,4,6,0,,0,NA,NA,NA,NA,NA2008,1,6,7,1754,1535,2104,1850,WN,70,N392SW,130,135,114,134,139,STL,MCO,880,6,10,0,,0,15,0,0,0,1192008,1,6,7,2048,2010,2355,2325,WN,125,N210WN,127,135,115,30,38,STL,MCO,880,4,8,0,,0,0,0,0,0,302008,1,6,7,1116,1120,1423,1435,WN,1025,N654SW,127,135,109,-12,-4,STL,MCO,880,9,9,0,,0,NA,NA,NA,NA,NA2008,1,6,7,635,640,940,1000,WN,3342,N440LV,125,140,110,-20,-5,STL,MCO,880,6,9,0,,0,NA,NA,NA,NA,NA2008,1,6,7,1739,1650,1847,1750,WN,30,N719SW,68,60,46,57,49,STL,MDW,251,6,16,0,,0,33,0,8,0,162008,1,6,7,1330,1330,1436,1430,WN,146,N504SW,66,60,48,6,0,STL,MDW,251,10,8,0,,0,NA,NA,NA,NA,NA2008,1,6,7,911,915,1004,1015,WN,547,N520SW,53,60,40,-11,-4,STL,MDW,251,4,9,0,,0,NA,NA,NA,NA,NA2008,1,6,7,NA,1805,NA,1905,WN,744,,NA,60,NA,NA,NA,STL,MDW,251,NA,NA,1,A,0,NA,NA,NA,NA,NA2008,1,6,7,2139,2100,2233,2200,WN,1050,N237WN,54,60,42,33,39,STL,MDW,251,5,7,0,,0,0,0,0,0,332008,1,6,7,1744,1720,1847,1820,WN,1430,N514SW,63,60,44,27,24,STL,MDW,251,5,14,0,,0,24,0,3,0,02008,1,6,7,1025,1025,1118,1125,WN,1488,N718SW,53,60,39,-7,0,STL,MDW,251,4,10,0,,0,NA,NA,NA,NA,NA2008,1,6,7,1244,1235,1336,1335,WN,1489,N617SW,52,60,41,1,9,STL,MDW,251,4,7,0,,0,NA,NA,NA,NA,NA2008,1,6,7,1540,1525,1637,1625,WN,2176,N640SW,57,60,46,12,15,STL,MDW,251,3,8,0,,0,NA,NA,NA,NA,NA2008,1,6,7,2000,1940,2100,2040,WN,3168,N635SW,60,60,45,20,20,STL,MDW,251,5,10,0,,0,12,0,0,0,82008,1,6,7,810,810,906,910,WN,3757,N490WN,56,60,40,-4,0,STL,MDW,251,5,11,0,,0,NA,NA,NA,NA,NA2008,1,6,7,1935,1920,2102,2050,WN,166,N761RR,87,90,75,12,15,STL,OKC,462,3,9,0,,0,NA,NA,NA,NA,NA2008,1,6,7,1140,1140,1307,1310,WN,354,N630WN,87,90,76,-3,0,STL,OKC,462,4,7,0,,0,NA,NA,NA,NA,NA2008,1,6,7,2140,2120,2247,2230,WN,429,N510SW,67,70,54,17,20,STL,OMA,342,3,10,0,,0,13,0,0,0,42008,1,6,7,1618,1540,1719,1650,WN,484,N499WN,61,70,51,29,38,STL,OMA,342,3,7,0,,0,5,0,0,0,242008,1,6,7,820,825,932,935,WN,1835,N683SW,72,70,58,-3,-5,STL,OMA,342,3,11,0,,0,NA,NA,NA,NA,NA2008,1,6,7,1102,1105,1211,1215,WN,3917,N626SW,69,70,56,-4,-3,STL,OMA,342,3,10,0,,0,NA,NA,NA,NA,NA2008,1,6,7,1954,1950,2226,2215,WN,194,N314SW,212,205,197,11,4,STL,PHX,1262,4,11,0,,0,NA,NA,NA,NA,NA2008,1,6,7,1337,1320,1605,1545,WN,340,N629SW,208,205,195,20,17,STL,PHX,1262,5,8,0,,0,13,0,3,0,42008,1,6,7,932,935,1206,1210,WN,1245,N418WN,214,215,199,-4,-3,STL,PHX,1262,5,10,0,,0,NA,NA,NA,NA,NA2008,1,6,7,1510,1510,1734,1740,WN,2453,N675AA,204,210,192,-6,0,STL,PHX,1262,5,7,0,,0,NA,NA,NA,NA,NA2008,1,6,7,627,625,859,900,WN,2646,N669SW,212,215,196,-1,2,STL,PHX,1262,6,10,0,,0,NA,NA,NA,NA,NA2008,1,6,7,1151,1150,1343,1345,WN,87,N343SW,52,55,40,-2,1,STL,SDF,254,4,8,0,,0,NA,NA,NA,NA,NA2008,1,6,7,1948,1950,2137,2145,WN,2039,N386SW,49,55,36,-8,-2,STL,SDF,254,5,8,0,,0,NA,NA,NA,NA,NA2008,1,6,7,817,810,1038,1030,WN,2527,N253WN,201,200,176,8,7,STL,SLC,1156,16,9,0,,0,NA,NA,NA,NA,NA2008,1,6,7,1736,1735,1942,1955,WN,3743,N235WN,186,200,171,-13,1,STL,SLC,1156,4,11,0,,0,NA,NA,NA,NA,NA2008,1,6,7,702,705,1013,1020,WN,124,N485WN,131,135,112,-7,-3,STL,TPA,869,5,14,0,,0,NA,NA,NA,NA,NA2008,1,6,7,1645,1630,1958,1945,WN,773,N321SW,133,135,119,13,15,STL,TPA,869,4,10,0,,0,NA,NA,NA,NA,NA2008,1,6,7,2149,2020,2308,2135,WN,490,N695SW,79,75,63,93,89,STL,TUL,351,3,13,0,,0,0,0,4,0,892008,1,6,7,824,825,936,940,WN,2094,N664WN,72,75,61,-4,-1,STL,TUL,351,3,8,0,,0,NA,NA,NA,NA,NA2008,1,6,7,1552,1535,1734,1735,WN,360,N477WN,222,240,210,-1,17,TPA,ABQ,1497,4,8,0,,0,NA,NA,NA,NA,NA2008,1,6,7,1757,1755,2043,2035,WN,3603,N429WN,166,160,155,8,2,TPA,ALB,1130,2,9,0,,0,NA,NA,NA,NA,NA2008,1,6,7,945,940,1113,1125,WN,2985,N479WN,148,165,131,-12,5,TPA,AUS,928,6,11,0,,0,NA,NA,NA,NA,NA2008,1,6,7,1044,1045,1328,1325,WN,241,N485WN,164,160,149,3,-1,TPA,BDL,1111,4,11,0,,0,NA,NA,NA,NA,NA2008,1,6,7,1555,1525,1832,1810,WN,3399,N662SW,157,165,144,22,30,TPA,BDL,1111,5,8,0,,0,9,0,0,0,132008,1,6,7,652,650,713,715,WN,472,N362SW,81,85,67,-2,2,TPA,BHM,460,3,11,0,,0,NA,NA,NA,NA,NA2008,1,6,7,1507,1505,1532,1530,WN,2093,N367SW,85,85,72,2,2,TPA,BHM,460,2,11,0,,0,NA,NA,NA,NA,NA2008,1,6,7,2041,2015,2054,2040,WN,3512,N463WN,73,85,63,14,26,TPA,BHM,460,3,7,0,,0,NA,NA,NA,NA,NA2008,1,6,7,1248,1250,1340,1340,WN,176,N248WN,112,110,95,0,-2,TPA,BNA,612,5,12,0,,0,NA,NA,NA,NA,NA2008,1,6,7,932,930,1021,1020,WN,602,N900WN,109,110,93,1,2,TPA,BNA,612,5,11,0,,0,NA,NA,NA,NA,NA2008,1,6,7,740,740,828,830,WN,755,N339SW,108,110,95,-2,0,TPA,BNA,612,4,9,0,,0,NA,NA,NA,NA,NA2008,1,6,7,1721,1720,1805,1815,WN,3492,N740SW,104,115,91,-10,1,TPA,BNA,612,5,8,0,,0,NA,NA,NA,NA,NA2008,1,6,7,1842,1840,1925,1930,WN,3945,N207WN,103,110,89,-5,2,TPA,BNA,612,5,9,0,,0,NA,NA,NA,NA,NA2008,1,6,7,1055,1055,1342,1330,WN,2265,N425LV,167,155,150,12,0,TPA,BUF,1054,3,14,0,,0,NA,NA,NA,NA,NA2008,1,6,7,1524,1515,1803,1750,WN,3686,N387SW,159,155,149,13,9,TPA,BUF,1054,2,8,0,,0,NA,NA,NA,NA,NA2008,1,6,7,659,700,910,910,WN,200,N705SW,131,130,114,0,-1,TPA,BWI,842,5,12,0,,0,NA,NA,NA,NA,NA2008,1,6,7,1104,1100,1322,1310,WN,323,N363SW,138,130,122,12,4,TPA,BWI,842,4,12,0,,0,NA,NA,NA,NA,NA2008,1,6,7,1609,1610,1813,1820,WN,394,N226WN,124,130,114,-7,-1,TPA,BWI,842,3,7,0,,0,NA,NA,NA,NA,NA2008,1,6,7,1352,1355,1613,1605,WN,1947,N345SA,141,130,123,8,-3,TPA,BWI,842,3,15,0,,0,NA,NA,NA,NA,NA2008,1,6,7,2209,2035,15,2245,WN,2292,N346SW,126,130,111,90,94,TPA,BWI,842,5,10,0,,0,2,0,0,0,882008,1,6,7,902,845,1114,1055,WN,3049,N356SW,132,130,118,19,17,TPA,BWI,842,6,8,0,,0,17,0,2,0,02008,1,6,7,2034,1955,2240,2210,WN,3596,N261WN,126,135,113,30,39,TPA,BWI,842,2,11,0,,0,5,0,0,0,252008,1,6,7,945,945,1158,1155,WN,427,N331SW,133,130,121,3,0,TPA,CMH,829,4,8,0,,0,NA,NA,NA,NA,NA2008,1,6,7,2030,2025,2235,2240,WN,1240,N609SW,125,135,111,-5,5,TPA,CMH,829,4,10,0,,0,NA,NA,NA,NA,NA2008,1,6,7,1410,1405,1628,1615,WN,3584,N400WN,138,130,122,13,5,TPA,CMH,829,3,13,0,,0,NA,NA,NA,NA,NA2008,1,6,7,1158,1155,1345,1400,WN,3328,N254WN,227,245,205,-15,3,TPA,DEN,1506,5,17,0,,0,NA,NA,NA,NA,NA2008,1,6,7,917,920,1009,1020,WN,315,N662SW,52,60,38,-11,-3,TPA,FLL,197,3,11,0,,0,NA,NA,NA,NA,NA2008,1,6,7,1100,1100,1157,1200,WN,676,N724SW,57,60,40,-3,0,TPA,FLL,197,3,14,0,,0,NA,NA,NA,NA,NA2008,1,6,7,2030,2015,2124,2110,WN,773,N321SW,54,55,40,14,15,TPA,FLL,197,3,11,0,,0,NA,NA,NA,NA,NA2008,1,6,7,1446,1435,1533,1530,WN,968,N503SW,47,55,36,3,11,TPA,FLL,197,2,9,0,,0,NA,NA,NA,NA,NA2008,1,6,7,2155,2125,2245,2220,WN,1685,N625SW,50,55,37,25,30,TPA,FLL,197,4,9,0,,0,25,0,0,0,02008,1,6,7,1243,1245,1338,1345,WN,2293,N296WN,55,60,41,-7,-2,TPA,FLL,197,4,10,0,,0,NA,NA,NA,NA,NA2008,1,6,7,1644,1645,1737,1745,WN,2802,N457WN,53,60,35,-8,-1,TPA,FLL,197,3,15,0,,0,NA,NA,NA,NA,NA2008,1,6,7,1743,1740,1833,1840,WN,3136,N356SW,50,60,39,-7,3,TPA,FLL,197,2,9,0,,0,NA,NA,NA,NA,NA2008,1,6,7,1611,1600,1722,1730,WN,48,N310SW,131,150,114,-8,11,TPA,HOU,781,4,13,0,,0,NA,NA,NA,NA,NA2008,1,6,7,1912,1840,2018,2010,WN,58,N679AA,126,150,111,8,32,TPA,HOU,781,4,11,0,,0,NA,NA,NA,NA,NA2008,1,6,7,1048,1035,1150,1205,WN,77,N262WN,122,150,110,-15,13,TPA,HOU,781,4,8,0,,0,NA,NA,NA,NA,NA2008,1,6,7,905,905,1011,1035,WN,368,N503SW,126,150,114,-24,0,TPA,HOU,781,4,8,0,,0,NA,NA,NA,NA,NA2008,1,6,7,1849,1825,2102,2035,WN,29,N327SW,133,130,114,27,24,TPA,IAD,810,7,12,0,,0,12,0,3,0,122008,1,6,7,945,945,1205,1150,WN,821,N676SW,140,125,120,15,0,TPA,IAD,810,6,14,0,,0,0,0,15,0,02008,1,6,7,1331,1330,1602,1550,WN,810,N351SW,151,140,128,12,1,TPA,IND,838,8,15,0,,0,NA,NA,NA,NA,NA2008,1,6,7,1000,1000,1227,1230,WN,101,N790SW,147,150,135,-3,0,TPA,ISP,1034,4,8,0,,0,NA,NA,NA,NA,NA2008,1,6,7,1755,1750,2030,2020,WN,904,N481WN,155,150,143,10,5,TPA,ISP,1034,3,9,0,,0,NA,NA,NA,NA,NA2008,1,6,7,1132,1130,1404,1400,WN,3311,N222WN,152,150,142,4,2,TPA,ISP,1034,3,7,0,,0,NA,NA,NA,NA,NA2008,1,6,7,1716,1710,1800,1800,WN,549,N655WN,44,50,32,0,6,TPA,JAX,180,5,7,0,,0,NA,NA,NA,NA,NA2008,1,6,7,1158,1155,1252,1245,WN,629,N612SW,54,50,32,7,3,TPA,JAX,180,7,15,0,,0,NA,NA,NA,NA,NA2008,1,6,7,1516,1440,1721,1650,WN,82,N246LV,305,310,290,31,36,TPA,LAS,1984,4,11,0,,0,11,0,0,0,202008,1,6,7,1808,1805,1946,2000,WN,3774,N403WN,158,175,140,-14,3,TPA,MCI,1048,5,13,0,,0,NA,NA,NA,NA,NA2008,1,6,7,1943,1925,2117,2110,WN,174,N343SW,154,165,140,7,18,TPA,MDW,997,5,9,0,,0,NA,NA,NA,NA,NA2008,1,6,7,758,800,951,940,WN,798,N327SW,173,160,154,11,-2,TPA,MDW,997,5,14,0,,0,NA,NA,NA,NA,NA2008,1,6,7,1027,1020,1212,1205,WN,1066,N499WN,165,165,150,7,7,TPA,MDW,997,5,10,0,,0,NA,NA,NA,NA,NA2008,1,6,7,1555,1555,1737,1740,WN,1864,N618WN,162,165,146,-3,0,TPA,MDW,997,6,10,0,,0,NA,NA,NA,NA,NA2008,1,6,7,1239,1240,1429,1420,WN,2118,N346SW,170,160,157,9,-1,TPA,MDW,997,4,9,0,,0,NA,NA,NA,NA,NA2008,1,6,7,2123,2120,2245,2300,WN,2721,N467WN,142,160,127,-15,3,TPA,MDW,997,9,6,0,,0,NA,NA,NA,NA,NA2008,1,6,7,907,850,1158,1145,WN,758,N452WN,171,175,159,13,17,TPA,MHT,1204,3,9,0,,0,NA,NA,NA,NA,NA2008,1,6,7,1311,1315,1619,1610,WN,3484,N796SW,188,175,167,9,-4,TPA,MHT,1204,5,16,0,,0,NA,NA,NA,NA,NA2008,1,6,7,713,710,748,755,WN,947,N627SW,95,105,77,-7,3,TPA,MSY,487,2,16,0,,0,NA,NA,NA,NA,NA2008,1,6,7,1353,1355,1424,1440,WN,1936,N357SW,91,105,73,-16,-2,TPA,MSY,487,5,13,0,,0,NA,NA,NA,NA,NA2008,1,6,7,2025,2010,2054,2055,WN,2019,N333SW,89,105,74,-1,15,TPA,MSY,487,2,13,0,,0,NA,NA,NA,NA,NA2008,1,6,7,1140,1140,1343,1350,WN,2362,N771SA,123,130,106,-7,0,TPA,ORF,717,8,9,0,,0,NA,NA,NA,NA,NA2008,1,6,7,2158,2145,2242,2230,WN,26,N262WN,44,45,31,12,13,TPA,PBI,174,5,8,0,,0,NA,NA,NA,NA,NA2008,1,6,7,1645,1645,1738,1735,WN,87,N343SW,53,50,33,3,0,TPA,PBI,174,4,16,0,,0,NA,NA,NA,NA,NA2008,1,6,7,1243,1245,1325,1335,WN,3599,N387SW,42,50,31,-10,-2,TPA,PBI,174,4,7,0,,0,NA,NA,NA,NA,NA2008,1,6,7,746,750,1002,1020,WN,17,N223WN,136,150,123,-18,-4,TPA,PHL,920,2,11,0,,0,NA,NA,NA,NA,NA2008,1,6,7,1653,1620,1928,1850,WN,327,N623SW,155,150,135,38,33,TPA,PHL,920,5,15,0,,0,12,0,5,0,212008,1,6,7,1037,1015,1302,1245,WN,1574,N650SW,145,150,134,17,22,TPA,PHL,920,3,8,0,,0,5,0,0,0,122008,1,6,7,2113,2105,2331,2335,WN,1663,N617SW,138,150,127,-4,8,TPA,PHL,920,5,6,0,,0,NA,NA,NA,NA,NA2008,1,6,7,1543,1540,1810,1830,WN,875,N743SW,267,290,249,-20,3,TPA,PHX,1788,9,9,0,,0,NA,NA,NA,NA,NA2008,1,6,7,1018,1005,1237,1225,WN,1236,N631SW,139,140,126,12,13,TPA,PIT,873,6,7,0,,0,NA,NA,NA,NA,NA2008,1,6,7,721,720,1002,1005,WN,212,N208WN,161,165,145,-3,1,TPA,PVD,1137,5,11,0,,0,NA,NA,NA,NA,NA2008,1,6,7,1951,1950,2239,2235,WN,1505,N613SW,168,165,154,4,1,TPA,PVD,1137,5,9,0,,0,NA,NA,NA,NA,NA2008,1,6,7,1030,1025,1317,1305,WN,3318,N740SW,167,160,153,12,5,TPA,PVD,1137,5,9,0,,0,NA,NA,NA,NA,NA2008,1,6,7,1929,1900,2111,2045,WN,85,N364SW,102,105,89,26,29,TPA,RDU,587,5,8,0,,0,3,0,0,0,232008,1,6,7,1124,1120,1304,1300,WN,201,N294WN,100,100,86,4,4,TPA,RDU,587,3,11,0,,0,NA,NA,NA,NA,NA2008,1,6,7,730,730,916,910,WN,468,N617SW,106,100,88,6,0,TPA,RDU,587,4,14,0,,0,NA,NA,NA,NA,NA2008,1,6,7,1723,1720,1855,1915,WN,998,N753SW,152,175,139,-20,3,TPA,SAT,972,6,7,0,,0,NA,NA,NA,NA,NA2008,1,6,7,915,915,1121,1120,WN,806,N410WN,126,125,110,1,0,TPA,SDF,727,5,11,0,,0,NA,NA,NA,NA,NA2008,1,6,7,1429,1425,1638,1630,WN,977,N612SW,129,125,112,8,4,TPA,SDF,727,6,11,0,,0,NA,NA,NA,NA,NA2008,1,6,7,1804,1800,1915,1930,WN,194,N314SW,131,150,121,-15,4,TPA,STL,869,3,7,0,,0,NA,NA,NA,NA,NA2008,1,6,7,913,910,1028,1040,WN,3917,N626SW,135,150,124,-12,3,TPA,STL,869,3,8,0,,0,NA,NA,NA,NA,NA2008,1,6,7,1739,1740,1838,1840,WN,51,N284WN,59,60,48,-2,-1,TUL,DAL,237,4,7,0,,0,NA,NA,NA,NA,NA2008,1,6,7,1546,1535,1641,1635,WN,574,N659SW,55,60,44,6,11,TUL,DAL,237,3,8,0,,0,NA,NA,NA,NA,NA2008,1,6,7,1231,1230,1329,1325,WN,1135,N390SW,58,55,46,4,1,TUL,DAL,237,3,9,0,,0,NA,NA,NA,NA,NA2008,1,6,7,957,1000,1052,1055,WN,2094,N664WN,55,55,42,-3,-3,TUL,DAL,237,3,10,0,,0,NA,NA,NA,NA,NA2008,1,6,7,2009,2015,2100,2110,WN,2967,N308SA,51,55,43,-10,-6,TUL,DAL,237,3,5,0,,0,NA,NA,NA,NA,NA2008,1,6,7,745,745,841,845,WN,3575,N297WN,56,60,42,-4,0,TUL,DAL,237,3,11,0,,0,NA,NA,NA,NA,NA2008,1,6,7,1602,1600,1742,1740,WN,132,N513SW,100,100,85,2,2,TUL,HOU,453,4,11,0,,0,NA,NA,NA,NA,NA2008,1,6,7,1143,1145,1330,1320,WN,407,N601WN,107,95,94,10,-2,TUL,HOU,453,5,8,0,,0,NA,NA,NA,NA,NA2008,1,6,7,1920,1925,2049,2055,WN,2900,N214WN,89,90,76,-6,-5,TUL,HOU,453,3,10,0,,0,NA,NA,NA,NA,NA2008,1,6,7,931,935,1042,1040,WN,3947,N519SW,191,185,172,2,-4,TUL,LAS,1076,11,8,0,,0,NA,NA,NA,NA,NA2008,1,6,7,1312,1305,1404,1400,WN,1685,N625SW,52,55,40,4,7,TUL,MCI,223,3,9,0,,0,NA,NA,NA,NA,NA2008,1,6,7,1835,1815,1921,1910,WN,3915,N521SW,46,55,36,11,20,TUL,MCI,223,3,7,0,,0,NA,NA,NA,NA,NA2008,1,6,7,1708,1705,1849,1850,WN,343,N360SW,161,165,147,-1,3,TUL,PHX,935,6,8,0,,0,NA,NA,NA,NA,NA2008,1,6,7,705,705,852,850,WN,560,N340LV,167,165,150,2,0,TUL,PHX,935,7,10,0,,0,NA,NA,NA,NA,NA2008,1,6,7,1351,1350,1533,1530,WN,3322,N522SW,162,160,150,3,1,TUL,PHX,935,5,7,0,,0,NA,NA,NA,NA,NA2008,1,6,7,654,655,753,800,WN,995,N664WN,59,65,49,-7,-1,TUL,STL,351,3,7,0,,0,NA,NA,NA,NA,NA2008,1,6,7,1551,1550,1647,1655,WN,1430,N514SW,56,65,46,-8,1,TUL,STL,351,3,7,0,,0,NA,NA,NA,NA,NA2008,1,6,7,1811,1735,1906,1835,WN,580,N606SW,55,60,42,31,36,TUS,ABQ,321,7,6,0,,0,3,0,0,0,282008,1,6,7,740,740,832,840,WN,2126,N789SW,52,60,42,-8,0,TUS,ABQ,321,3,7,0,,0,NA,NA,NA,NA,NA2008,1,6,7,1449,1420,1506,1435,WN,280,N708SA,77,75,65,31,29,TUS,LAS,365,5,7,0,,0,2,0,2,0,272008,1,6,7,2212,2125,2227,2140,WN,1131,N361SW,75,75,63,47,47,TUS,LAS,365,6,6,0,,0,0,0,0,0,472008,1,6,7,1702,1610,1724,1625,WN,2005,N614SW,82,75,70,59,52,TUS,LAS,365,5,7,0,,0,0,0,7,0,522008,1,6,7,655,655,707,710,WN,2387,N786SW,72,75,60,-3,0,TUS,LAS,365,5,7,0,,0,NA,NA,NA,NA,NA2008,1,6,7,1000,1005,1016,1020,WN,2465,N782SA,76,75,61,-4,-5,TUS,LAS,365,5,10,0,,0,NA,NA,NA,NA,NA2008,1,6,7,2122,1935,2141,1950,WN,3135,N388SW,79,75,64,111,107,TUS,LAS,365,9,6,0,,0,2,0,4,0,1052008,1,6,7,1722,1625,1756,1655,WN,225,N315SW,94,90,81,61,57,TUS,LAX,451,6,7,0,,0,13,0,4,0,442008,1,6,7,2107,2005,2200,2040,WN,724,N347SW,113,95,81,80,62,TUS,LAX,451,20,12,0,,0,0,0,19,0,612008,1,6,7,1400,1335,1435,1405,WN,1032,N309SW,95,90,81,30,25,TUS,LAX,451,9,5,0,,0,9,0,5,0,162008,1,6,7,957,1000,1030,1035,WN,1146,N628SW,93,95,79,-5,-3,TUS,LAX,451,6,8,0,,0,NA,NA,NA,NA,NA2008,1,6,7,1204,1200,1253,1235,WN,1655,N647SW,109,95,85,18,4,TUS,LAX,451,13,11,0,,0,0,0,18,0,02008,1,6,7,638,630,1029,1045,WN,3170,N414WN,171,195,159,-16,8,TUS,MDW,1440,4,8,0,,0,NA,NA,NA,NA,NA2008,1,6,7,1328,1325,1722,1740,WN,3831,N391SW,174,195,164,-18,3,TUS,MDW,1440,2,8,0,,0,NA,NA,NA,NA,NA2008,1,6,7,802,755,913,920,WN,3431,N371SW,131,145,119,-7,7,TUS,OAK,747,5,7,0,,0,NA,NA,NA,NA,NA2008,1,6,7,722,725,734,740,WN,66,N287WN,72,75,61,-6,-3,TUS,SAN,367,3,8,0,,0,NA,NA,NA,NA,NA2008,1,6,7,1045,1045,1101,1100,WN,493,N448WN,76,75,66,1,0,TUS,SAN,367,3,7,0,,0,NA,NA,NA,NA,NA2008,1,6,7,1941,1850,2000,1900,WN,644,N437WN,79,70,67,60,51,TUS,SAN,367,3,9,0,,0,7,0,9,0,442008,1,6,7,1501,1455,1519,1510,WN,1179,N325SW,78,75,67,9,6,TUS,SAN,367,3,8,0,,0,NA,NA,NA,NA,NA2008,1,7,1,1842,1845,2032,2040,WN,746,N746SW,50,55,37,-8,-3,ABQ,AMA,277,4,9,0,,0,NA,NA,NA,NA,NA2008,1,7,1,911,905,1422,1440,WN,2126,N278WN,191,215,183,-18,6,ABQ,BWI,1670,2,6,0,,0,NA,NA,NA,NA,NA2008,1,7,1,1441,1435,1718,1710,WN,45,N339SW,97,95,82,8,6,ABQ,DAL,580,3,12,0,,0,NA,NA,NA,NA,NA2008,1,7,1,655,655,924,930,WN,87,N642WN,89,95,80,-6,0,ABQ,DAL,580,2,7,0,,0,NA,NA,NA,NA,NA2008,1,7,1,2011,2015,2234,2240,WN,230,N618WN,83,85,75,-6,-4,ABQ,DAL,580,2,6,0,,0,NA,NA,NA,NA,NA2008,1,7,1,1648,1630,1923,1905,WN,397,N442WN,95,95,78,18,18,ABQ,DAL,580,5,12,0,,0,18,0,0,0,02008,1,7,1,1147,1130,1426,1405,WN,438,N629SW,99,95,81,21,17,ABQ,DAL,580,3,15,0,,0,7,0,4,0,102008,1,7,1,1811,1810,2049,2045,WN,972,N367SW,98,95,79,4,1,ABQ,DAL,580,6,13,0,,0,NA,NA,NA,NA,NA2008,1,7,1,1302,1305,1537,1540,WN,1940,N360SW,95,95,83,-3,-3,ABQ,DAL,580,5,7,0,,0,NA,NA,NA,NA,NA2008,1,7,1,1737,1710,2005,1945,WN,2969,N631SW,88,95,79,20,27,ABQ,DAL,580,3,6,0,,0,4,0,0,0,162008,1,7,1,939,940,1209,1215,WN,3421,N520SW,90,95,81,-6,-1,ABQ,DAL,580,2,7,0,,0,NA,NA,NA,NA,NA2008,1,7,1,1719,1645,1831,1800,WN,294,N628SW,72,75,56,31,34,ABQ,DEN,349,4,12,0,,0,2,0,0,0,292008,1,7,1,631,635,734,750,WN,1218,N753SW,63,75,51,-16,-4,ABQ,DEN,349,5,7,0,,0,NA,NA,NA,NA,NA2008,1,7,1,1140,1140,1300,1255,WN,3050,N213WN,80,75,55,5,0,ABQ,DEN,349,5,20,0,,0,NA,NA,NA,NA,NA2008,1,7,1,612,615,704,710,WN,348,N634SW,52,55,40,-6,-3,ABQ,ELP,223,3,9,0,,0,NA,NA,NA,NA,NA2008,1,7,1,1735,1735,1827,1825,WN,500,N403WN,52,50,35,2,0,ABQ,ELP,223,3,14,0,,0,NA,NA,NA,NA,NA2008,1,7,1,1008,1005,1055,1055,WN,1001,N632SW,47,50,37,0,3,ABQ,ELP,223,4,6,0,,0,NA,NA,NA,NA,NA2008,1,7,1,628,630,921,930,WN,1392,N479WN,113,120,102,-9,-2,ABQ,HOU,759,4,7,0,,0,NA,NA,NA,NA,NA2008,1,7,1,1921,1845,2214,2140,WN,1925,N436WN,113,115,99,34,36,ABQ,HOU,759,5,9,0,,0,2,0,0,0,322008,1,7,1,1058,1050,1353,1350,WN,3234,N469WN,115,120,105,3,8,ABQ,HOU,759,4,6,0,,0,NA,NA,NA,NA,NA2008,1,7,1,1440,1245,1521,1320,WN,1328,N699SW,101,95,83,121,115,ABQ,LAS,487,6,12,0,,0,0,0,6,0,1152008,1,7,1,2017,2020,2049,2055,WN,1493,N613SW,92,95,83,-6,-3,ABQ,LAS,487,3,6,0,,0,NA,NA,NA,NA,NA2008,1,7,1,954,950,1045,1025,WN,1586,N327SW,111,95,83,20,4,ABQ,LAS,487,3,25,0,,0,0,0,20,0,02008,1,7,1,648,650,719,725,WN,1653,N267WN,91,95,77,-6,-2,ABQ,LAS,487,8,6,0,,0,NA,NA,NA,NA,NA2008,1,7,1,1539,1520,1611,1555,WN,2284,N713SW,92,95,75,16,19,ABQ,LAS,487,5,12,0,,0,16,0,0,0,02008,1,7,1,1804,1755,1840,1830,WN,2788,N307SW,96,95,86,10,9,ABQ,LAS,487,4,6,0,,0,NA,NA,NA,NA,NA2008,1,7,1,1125,1115,1155,1150,WN,2874,N384SW,90,95,79,5,10,ABQ,LAS,487,6,5,0,,0,NA,NA,NA,NA,NA2008,1,7,1,1158,1200,1304,1305,WN,467,N653SW,126,125,105,-1,-2,ABQ,LAX,677,9,12,0,,0,NA,NA,NA,NA,NA2008,1,7,1,1513,1500,1615,1605,WN,1135,N346SW,122,125,105,10,13,ABQ,LAX,677,5,12,0,,0,NA,NA,NA,NA,NA2008,1,7,1,729,730,833,835,WN,1486,N640SW,124,125,109,-2,-1,ABQ,LAX,677,8,7,0,,0,NA,NA,NA,NA,NA2008,1,7,1,2019,2005,2121,2105,WN,2027,N360SW,122,120,108,16,14,ABQ,LAX,677,6,8,0,,0,4,0,2,0,102008,1,7,1,1554,1530,1741,1725,WN,555,N527SW,47,55,38,16,24,ABQ,LBB,289,3,6,0,,0,0,0,0,0,162008,1,7,1,1655,1610,1857,1810,WN,2374,N323SW,62,60,45,47,45,ABQ,MAF,332,3,14,0,,0,1,0,2,0,442008,1,7,1,831,835,1111,1125,WN,290,N415WN,100,110,87,-14,-4,ABQ,MCI,718,4,9,0,,0,NA,NA,NA,NA,NA2008,1,7,1,1929,1855,2212,2145,WN,580,N627SW,103,110,87,27,34,ABQ,MCI,718,6,10,0,,0,15,0,0,0,122008,1,7,1,914,910,1432,1430,WN,1320,N282WN,198,200,185,2,4,ABQ,MCO,1552,5,8,0,,0,NA,NA,NA,NA,NA2008,1,7,1,1315,1250,1839,1810,WN,3245,N253WN,204,200,185,29,25,ABQ,MCO,1552,11,8,0,,0,11,0,4,0,142008,1,7,1,942,935,1258,1315,WN,2524,N288WN,136,160,124,-17,7,ABQ,MDW,1121,5,7,0,,0,NA,NA,NA,NA,NA2008,1,7,1,1458,1500,1923,1840,WN,3481,N462WN,205,160,191,43,-2,ABQ,MDW,1121,5,9,0,,0,0,0,43,0,02008,1,7,1,1319,1320,1501,1455,WN,61,N694SW,162,155,144,6,-1,ABQ,OAK,889,6,12,0,,0,NA,NA,NA,NA,NA2008,1,7,1,1921,1925,2055,2100,WN,231,N740SW,154,155,135,-5,-4,ABQ,OAK,889,6,13,0,,0,NA,NA,NA,NA,NA2008,1,7,1,NA,730,NA,905,WN,912,,NA,155,NA,NA,NA,ABQ,OAK,889,NA,NA,1,A,0,NA,NA,NA,NA,NA2008,1,7,1,1757,1800,1958,2000,WN,360,N786SW,181,180,167,-2,-3,ABQ,PDX,1111,4,10,0,,0,NA,NA,NA,NA,NA2008,1,7,1,1203,1155,1333,1310,WN,10,N302SW,90,75,72,23,8,ABQ,PHX,328,5,13,0,,0,8,0,15,0,02008,1,7,1,755,755,942,910,WN,88,N281WN,107,75,78,32,0,ABQ,PHX,328,6,23,0,,0,0,0,32,0,02008,1,7,1,1934,1935,2055,2050,WN,160,N498WN,81,75,59,5,-1,ABQ,PHX,328,6,16,0,,0,NA,NA,NA,NA,NA2008,1,7,1,1528,1525,1654,1640,WN,357,N243WN,86,75,59,14,3,ABQ,PHX,328,8,19,0,,0,NA,NA,NA,NA,NA2008,1,7,1,1429,1400,1557,1515,WN,734,N695SW,88,75,58,42,29,ABQ,PHX,328,5,25,0,,0,1,0,13,0,282008,1,7,1,1607,1600,1717,1715,WN,806,N456WN,70,75,55,2,7,ABQ,PHX,328,4,11,0,,0,NA,NA,NA,NA,NA2008,1,7,1,2044,2045,2154,2155,WN,823,N484WN,70,70,59,-1,-1,ABQ,PHX,328,4,7,0,,0,NA,NA,NA,NA,NA2008,1,7,1,1021,905,1139,1025,WN,957,N382SW,78,80,67,74,76,ABQ,PHX,328,4,7,0,,0,0,0,74,0,02008,1,7,1,621,620,731,735,WN,2613,N470WN,70,75,58,-4,1,ABQ,PHX,328,4,8,0,,0,NA,NA,NA,NA,NA2008,1,7,1,1822,1825,1938,1945,WN,2871,N475WN,76,80,60,-7,-3,ABQ,PHX,328,5,11,0,,0,NA,NA,NA,NA,NA2008,1,7,1,1039,1040,1158,1155,WN,2976,N551WN,79,75,67,3,-1,ABQ,PHX,328,6,6,0,,0,NA,NA,NA,NA,NA2008,1,7,1,1221,1220,1320,1315,WN,137,N692SW,119,115,106,5,1,ABQ,SAN,628,3,10,0,,0,NA,NA,NA,NA,NA2008,1,7,1,1822,1815,1924,1905,WN,574,N661SW,122,110,111,19,7,ABQ,SAN,628,3,8,0,,0,0,0,12,0,72008,1,7,1,750,705,847,755,WN,783,N337SW,117,110,105,52,45,ABQ,SAN,628,2,10,0,,0,45,0,7,0,02008,1,7,1,1926,1910,2136,2125,WN,2010,N779SW,190,195,173,11,16,ABQ,SEA,1180,3,14,0,,0,NA,NA,NA,NA,NA2008,1,7,1,838,840,1041,1055,WN,2270,N738CB,183,195,173,-14,-2,ABQ,SEA,1180,3,7,0,,0,NA,NA,NA,NA,NA2008,1,7,1,1520,1520,1659,1700,WN,901,N655WN,99,100,78,-1,0,ABQ,SLC,493,5,16,0,,0,NA,NA,NA,NA,NA2008,1,7,1,912,915,1045,1055,WN,1002,N292WN,93,100,79,-10,-3,ABQ,SLC,493,7,7,0,,0,NA,NA,NA,NA,NA2008,1,7,1,1040,1040,1338,1355,WN,406,N351SW,118,135,107,-17,0,ABQ,STL,934,3,8,0,,0,NA,NA,NA,NA,NA2008,1,7,1,1440,1440,1953,1950,WN,3425,N435WN,193,190,176,3,0,ABQ,TPA,1497,7,10,0,,0,NA,NA,NA,NA,NA2008,1,7,1,1730,1725,1847,1830,WN,644,N902WN,77,65,56,17,5,ABQ,TUS,321,4,17,0,,0,0,0,17,0,02008,1,7,1,1027,1020,1144,1130,WN,1655,N688SW,77,70,62,14,7,ABQ,TUS,321,4,11,0,,0,NA,NA,NA,NA,NA2008,1,7,1,1325,1325,1435,1440,WN,182,N376SW,70,75,58,-5,0,ALB,BWI,288,3,9,0,,0,NA,NA,NA,NA,NA2008,1,7,1,1009,1005,1111,1120,WN,733,N380SW,62,75,53,-9,4,ALB,BWI,288,2,7,0,,0,NA,NA,NA,NA,NA2008,1,7,1,1814,1820,1920,1935,WN,1861,N434WN,66,75,55,-15,-6,ALB,BWI,288,4,7,0,,0,NA,NA,NA,NA,NA2008,1,7,1,619,615,737,735,WN,2697,N475WN,78,80,55,2,4,ALB,BWI,288,3,20,0,,0,NA,NA,NA,NA,NA2008,1,7,1,1515,1515,1619,1630,WN,3046,N652SW,64,75,54,-11,0,ALB,BWI,288,2,8,0,,0,NA,NA,NA,NA,NA2008,1,7,1,831,830,936,945,WN,3397,N402WN,65,75,54,-9,1,ALB,BWI,288,5,6,0,,0,NA,NA,NA,NA,NA2008,1,7,1,2049,2055,2148,2210,WN,3690,N447WN,59,75,49,-22,-6,ALB,BWI,288,5,5,0,,0,NA,NA,NA,NA,NA2008,1,7,1,1138,1135,1414,1420,WN,3237,N790SW,336,345,323,-6,3,ALB,LAS,2237,4,9,0,,0,NA,NA,NA,NA,NA2008,1,7,1,1925,1930,2206,2235,WN,1416,N461WN,161,185,149,-29,-5,ALB,MCO,1073,6,6,0,,0,NA,NA,NA,NA,NA2008,1,7,1,808,810,1047,1115,WN,2958,N739GB,159,185,146,-28,-2,ALB,MCO,1073,6,7,0,,0,NA,NA,NA,NA,NA2008,1,7,1,1201,1205,1458,1510,WN,3656,N496WN,177,185,152,-12,-4,ALB,MCO,1073,17,8,0,,0,NA,NA,NA,NA,NA2008,1,7,1,658,700,831,825,WN,2262,N365SW,153,145,142,6,-2,ALB,MDW,717,4,7,0,,0,NA,NA,NA,NA,NA2008,1,7,1,1602,1605,1714,1725,WN,3162,N769SW,132,140,117,-11,-3,ALB,MDW,717,5,10,0,,0,NA,NA,NA,NA,NA2008,1,7,1,735,735,1026,1045,WN,3306,N758SW,171,190,158,-19,0,ALB,TPA,1130,4,9,0,,0,NA,NA,NA,NA,NA2008,1,7,1,732,735,734,735,WN,88,N281WN,62,60,51,-1,-3,AMA,ABQ,277,4,7,0,,0,NA,NA,NA,NA,NA2008,1,7,1,627,630,734,735,WN,5,N522SW,67,65,53,-1,-3,AMA,DAL,324,4,10,0,,0,NA,NA,NA,NA,NA2008,1,7,1,1055,1100,1154,1205,WN,25,N357SW,59,65,50,-11,-5,AMA,DAL,324,3,6,0,,0,NA,NA,NA,NA,NA2008,1,7,1,1357,1355,1457,1500,WN,37,N507SW,60,65,51,-3,2,AMA,DAL,324,3,6,0,,0,NA,NA,NA,NA,NA2008,1,7,1,1851,1835,1952,1940,WN,55,N510SW,61,65,50,12,16,AMA,DAL,324,4,7,0,,0,NA,NA,NA,NA,NA2008,1,7,1,1253,1255,1354,1400,WN,85,N361SW,61,65,51,-6,-2,AMA,DAL,324,3,7,0,,0,NA,NA,NA,NA,NA2008,1,7,1,1615,1615,1715,1720,WN,1079,N410WN,60,65,52,-5,0,AMA,DAL,324,2,6,0,,0,NA,NA,NA,NA,NA2008,1,7,1,2008,2015,2122,2120,WN,1582,N328SW,74,65,63,2,-7,AMA,DAL,324,3,8,0,,0,NA,NA,NA,NA,NA2008,1,7,1,838,830,941,935,WN,1751,N680AA,63,65,53,6,8,AMA,DAL,324,3,7,0,,0,NA,NA,NA,NA,NA2008,1,7,1,1536,1540,1544,1555,WN,510,N400WN,68,75,52,-11,-4,AMA,DEN,358,7,9,0,,0,NA,NA,NA,NA,NA2008,1,7,1,849,855,856,910,WN,1636,N345SA,67,75,52,-14,-6,AMA,DEN,358,9,6,0,,0,NA,NA,NA,NA,NA2008,1,7,1,1207,1150,1218,1205,WN,12,N326SW,131,135,117,13,17,AMA,LAS,758,4,10,0,,0,NA,NA,NA,NA,NA2008,1,7,1,655,700,838,855,WN,222,N643SW,103,115,92,-17,-5,AUS,BNA,756,4,7,0,,0,NA,NA,NA,NA,NA2008,1,7,1,1918,1920,2102,2115,WN,330,N499WN,104,115,88,-13,-2,AUS,BNA,756,4,12,0,,0,NA,NA,NA,NA,NA2008,1,7,1,1052,1050,1238,1240,WN,1422,N792SW,106,110,90,-2,2,AUS,BNA,756,4,12,0,,0,NA,NA,NA,NA,NA2008,1,7,1,1413,1415,1800,1815,WN,1001,N632SW,167,180,157,-15,-2,AUS,BWI,1342,4,6,0,,0,NA,NA,NA,NA,NA2008,1,7,1,931,925,1323,1325,WN,3489,N684WN,172,180,158,-2,6,AUS,BWI,1342,5,9,0,,0,NA,NA,NA,NA,NA2008,1,7,1,1047,1050,1134,1145,WN,61,N694SW,47,55,38,-11,-3,AUS,DAL,189,3,6,0,,0,NA,NA,NA,NA,NA2008,1,7,1,628,630,716,725,WN,128,N246LV,48,55,38,-9,-2,AUS,DAL,189,3,7,0,,0,NA,NA,NA,NA,NA2008,1,7,1,1445,1450,1536,1545,WN,154,N747SA,51,55,36,-9,-5,AUS,DAL,189,3,12,0,,0,NA,NA,NA,NA,NA2008,1,7,1,1348,1355,1436,1445,WN,303,N459WN,48,50,37,-9,-7,AUS,DAL,189,3,8,0,,0,NA,NA,NA,NA,NA2008,1,7,1,1830,1830,1916,1925,WN,460,N501SW,46,55,37,-9,0,AUS,DAL,189,3,6,0,,0,NA,NA,NA,NA,NA2008,1,7,1,1652,1640,1751,1735,WN,900,N306SW,59,55,39,16,12,AUS,DAL,189,3,17,0,,0,0,0,4,0,122008,1,7,1,858,900,947,955,WN,1194,N654SW,49,55,37,-8,-2,AUS,DAL,189,3,9,0,,0,NA,NA,NA,NA,NA2008,1,7,1,2040,2045,2125,2135,WN,1399,N511SW,45,50,35,-10,-5,AUS,DAL,189,4,6,0,,0,NA,NA,NA,NA,NA2008,1,7,1,1544,1545,1635,1640,WN,1417,N510SW,51,55,42,-5,-1,AUS,DAL,189,3,6,0,,0,NA,NA,NA,NA,NA2008,1,7,1,806,805,853,900,WN,2530,N357SW,47,55,37,-7,1,AUS,DAL,189,3,7,0,,0,NA,NA,NA,NA,NA2008,1,7,1,1741,1740,1825,1835,WN,2880,N521SW,44,55,36,-10,1,AUS,DAL,189,3,5,0,,0,NA,NA,NA,NA,NA2008,1,7,1,2008,1935,2059,2030,WN,3409,N611SW,51,55,39,29,33,AUS,DAL,189,4,8,0,,0,0,0,0,0,292008,1,7,1,1218,1210,1309,1300,WN,3949,N693SW,51,50,39,9,8,AUS,DAL,189,5,7,0,,0,NA,NA,NA,NA,NA2008,1,7,1,1439,1435,1544,1550,WN,2124,N397SW,125,135,105,-6,4,AUS,DEN,775,11,9,0,,0,NA,NA,NA,NA,NA2008,1,7,1,1700,1705,1733,1745,WN,231,N740SW,93,100,81,-12,-5,AUS,ELP,528,4,8,0,,0,NA,NA,NA,NA,NA2008,1,7,1,2025,1945,2102,2020,WN,2461,N323SW,97,95,82,42,40,AUS,ELP,528,6,9,0,,0,0,0,2,0,402008,1,7,1,724,725,756,805,WN,2524,N288WN,92,100,79,-9,-1,AUS,ELP,528,3,10,0,,0,NA,NA,NA,NA,NA2008,1,7,1,1237,1240,1312,1320,WN,3481,N462WN,95,100,81,-8,-3,AUS,ELP,528,5,9,0,,0,NA,NA,NA,NA,NA2008,1,7,1,1438,1440,1524,1530,WN,112,N501SW,46,50,36,-6,-2,AUS,HOU,148,3,7,0,,0,NA,NA,NA,NA,NA2008,1,7,1,627,630,709,715,WN,311,N382SW,42,45,33,-6,-3,AUS,HOU,148,3,6,0,,0,NA,NA,NA,NA,NA2008,1,7,1,1917,1910,2001,1955,WN,555,N527SW,44,45,32,6,7,AUS,HOU,148,5,7,0,,0,NA,NA,NA,NA,NA2008,1,7,1,1706,1705,1756,1755,WN,1856,N783SW,50,50,36,1,1,AUS,HOU,148,5,9,0,,0,NA,NA,NA,NA,NA2008,1,7,1,1107,1105,1155,1150,WN,2445,N651SW,48,45,35,5,2,AUS,HOU,148,4,9,0,,0,NA,NA,NA,NA,NA2008,1,7,1,2022,2025,2105,2110,WN,2529,N279WN,43,45,31,-5,-3,AUS,HOU,148,4,8,0,,0,NA,NA,NA,NA,NA2008,1,7,1,907,825,955,910,WN,2974,N745SW,48,45,35,45,42,AUS,HOU,148,4,9,0,,0,0,0,3,0,422008,1,7,1,1247,1250,1344,1350,WN,501,N510SW,57,60,47,-6,-3,AUS,HRL,273,2,8,0,,0,NA,NA,NA,NA,NA2008,1,7,1,900,900,1003,1000,WN,906,N627SW,183,180,166,3,0,AUS,LAS,1090,7,10,0,,0,NA,NA,NA,NA,NA2008,1,7,1,1119,1120,1229,1220,WN,1838,N680AA,190,180,174,9,-1,AUS,LAS,1090,5,11,0,,0,NA,NA,NA,NA,NA2008,1,7,1,2042,1925,2137,2030,WN,3862,N638SW,175,185,165,67,77,AUS,LAS,1090,4,6,0,,0,0,0,0,0,672008,1,7,1,1154,1155,1313,1320,WN,2985,N766SW,199,205,185,-7,-1,AUS,LAX,1242,6,8,0,,0,NA,NA,NA,NA,NA2008,1,7,1,1738,1740,1843,1850,WN,160,N498WN,65,70,54,-7,-2,AUS,LBB,341,3,8,0,,0,NA,NA,NA,NA,NA2008,1,7,1,735,740,839,850,WN,1028,N255WN,64,70,51,-11,-5,AUS,LBB,341,2,11,0,,0,NA,NA,NA,NA,NA2008,1,7,1,604,610,703,715,WN,697,N654SW,59,65,47,-12,-6,AUS,MAF,294,3,9,0,,0,NA,NA,NA,NA,NA2008,1,7,1,1634,1635,1736,1740,WN,3595,N520SW,62,65,49,-4,-1,AUS,MAF,294,2,11,0,,0,NA,NA,NA,NA,NA2008,1,7,1,1322,1320,1640,1645,WN,297,N238WN,138,145,124,-5,2,AUS,MCO,993,6,8,0,,0,NA,NA,NA,NA,NA2008,1,7,1,1741,1740,2017,2010,WN,870,N689SW,156,150,140,7,1,AUS,MDW,972,6,10,0,,0,NA,NA,NA,NA,NA2008,1,7,1,701,700,916,930,WN,1567,N639SW,135,150,120,-14,1,AUS,MDW,972,5,10,0,,0,NA,NA,NA,NA,NA2008,1,7,1,954,955,1136,1130,WN,513,N503SW,162,155,148,6,-1,AUS,PHX,872,5,9,0,,0,NA,NA,NA,NA,NA2008,1,7,1,1518,1520,1655,1655,WN,700,N331SW,157,155,141,0,-2,AUS,PHX,872,6,10,0,,0,NA,NA,NA,NA,NA2008,1,7,1,648,650,818,825,WN,754,N276WN,150,155,133,-7,-2,AUS,PHX,872,6,11,0,,0,NA,NA,NA,NA,NA2008,1,7,1,1950,1955,2122,2130,WN,2183,N502SW,152,155,134,-8,-5,AUS,PHX,872,9,9,0,,0,NA,NA,NA,NA,NA2008,1,7,1,1551,1530,1654,1640,WN,687,N623SW,183,190,171,14,21,AUS,SAN,1164,2,10,0,,0,NA,NA,NA,NA,NA2008,1,7,1,913,915,1023,1025,WN,3502,N333SW,190,190,178,-2,-2,AUS,SAN,1164,2,10,0,,0,NA,NA,NA,NA,NA2008,1,7,1,1532,1535,1843,1850,WN,304,N309SW,131,135,118,-7,-3,AUS,TPA,928,5,8,0,,0,NA,NA,NA,NA,NA2008,1,7,1,1501,1355,1625,1535,WN,298,N789SW,144,160,128,50,66,BDL,BNA,852,4,12,0,,0,50,0,0,0,02008,1,7,1,2135,2120,2239,2230,WN,610,N379SW,64,70,51,9,15,BDL,BWI,283,2,11,0,,0,NA,NA,NA,NA,NA2008,1,7,1,1530,1515,1625,1625,WN,1657,N321SW,55,70,48,0,15,BDL,BWI,283,2,5,0,,0,NA,NA,NA,NA,NA2008,1,7,1,1329,1330,1432,1440,WN,1743,N236WN,63,70,49,-8,-1,BDL,BWI,283,4,10,0,,0,NA,NA,NA,NA,NA2008,1,7,1,1028,1035,1132,1145,WN,2707,N426WN,64,70,51,-13,-7,BDL,BWI,283,3,10,0,,0,NA,NA,NA,NA,NA2008,1,7,1,614,615,714,730,WN,2872,N652SW,60,75,47,-16,-1,BDL,BWI,283,5,8,0,,0,NA,NA,NA,NA,NA2008,1,7,1,736,735,843,845,WN,3481,N462WN,67,70,53,-2,1,BDL,BWI,283,3,11,0,,0,NA,NA,NA,NA,NA2008,1,7,1,1845,1835,1947,1945,WN,3486,N609SW,62,70,48,2,10,BDL,BWI,283,4,10,0,,0,NA,NA,NA,NA,NA2008,1,7,1,1721,1715,1828,1825,WN,3505,N485WN,67,70,55,3,6,BDL,BWI,283,2,10,0,,0,NA,NA,NA,NA,NA2008,1,7,1,759,805,858,915,WN,3745,N261WN,59,70,49,-17,-6,BDL,BWI,283,4,6,0,,0,NA,NA,NA,NA,NA2008,1,7,1,705,700,952,1000,WN,3655,N709SW,347,360,332,-8,5,BDL,LAS,2298,5,10,0,,0,NA,NA,NA,NA,NA2008,1,7,1,1944,1945,2223,2245,WN,452,N654SW,159,180,146,-22,-1,BDL,MCO,1050,6,7,0,,0,NA,NA,NA,NA,NA2008,1,7,1,1208,1205,1445,1510,WN,524,N772SW,157,185,143,-25,3,BDL,MCO,1050,6,8,0,,0,NA,NA,NA,NA,NA2008,1,7,1,652,655,940,1000,WN,3133,N447WN,168,185,141,-20,-3,BDL,MCO,1050,18,9,0,,0,NA,NA,NA,NA,NA2008,1,7,1,1725,1725,2008,1855,WN,2449,N737JW,223,150,211,73,0,BDL,MDW,777,5,7,0,,0,0,0,73,0,02008,1,7,1,1158,1200,1320,1325,WN,3149,N781WN,142,145,128,-5,-2,BDL,MDW,777,4,10,0,,0,NA,NA,NA,NA,NA2008,1,7,1,640,645,811,820,WN,3916,N487WN,151,155,141,-9,-5,BDL,MDW,777,3,7,0,,0,NA,NA,NA,NA,NA2008,1,7,1,1015,1005,1302,1320,WN,1860,N217JC,167,195,153,-18,10,BDL,TPA,1111,5,9,0,,0,NA,NA,NA,NA,NA2008,1,7,1,1908,1910,2157,2225,WN,3407,N249WN,169,195,158,-28,-2,BDL,TPA,1111,4,7,0,,0,NA,NA,NA,NA,NA2008,1,7,1,1515,1520,1605,1610,WN,102,N359SW,50,50,34,-5,-5,BHM,BNA,177,4,12,0,,0,NA,NA,NA,NA,NA2008,1,7,1,907,910,955,1000,WN,518,N214WN,48,50,34,-5,-3,BHM,BNA,177,4,10,0,,0,NA,NA,NA,NA,NA2008,1,7,1,1302,1300,1547,1550,WN,521,N630WN,105,110,95,-3,2,BHM,BWI,682,3,7,0,,0,NA,NA,NA,NA,NA2008,1,7,1,701,705,946,955,WN,785,N406WN,105,110,93,-9,-4,BHM,BWI,682,2,10,0,,0,NA,NA,NA,NA,NA2008,1,7,1,1750,1750,2034,2040,WN,2036,N603SW,104,110,92,-6,0,BHM,BWI,682,3,9,0,,0,NA,NA,NA,NA,NA2008,1,7,1,1107,1110,1251,1305,WN,112,N501SW,104,115,92,-14,-3,BHM,DAL,587,3,9,0,,0,NA,NA,NA,NA,NA2008,1,7,1,806,810,956,1005,WN,573,N455WN,110,115,97,-9,-4,BHM,DAL,587,5,8,0,,0,NA,NA,NA,NA,NA2008,1,7,1,1647,1645,1838,1825,WN,764,N202WN,111,100,97,13,2,BHM,DAL,587,5,9,0,,0,NA,NA,NA,NA,NA2008,1,7,1,1028,1030,1219,1225,WN,63,N708SA,111,115,94,-6,-2,BHM,HOU,570,4,13,0,,0,NA,NA,NA,NA,NA2008,1,7,1,1652,1655,1843,1850,WN,823,N484WN,111,115,97,-7,-3,BHM,HOU,570,4,10,0,,0,NA,NA,NA,NA,NA2008,1,7,1,1459,1455,1706,1705,WN,3948,N224WN,67,70,53,1,4,BHM,JAX,365,4,10,0,,0,NA,NA,NA,NA,NA2008,1,7,1,1005,1005,1216,1220,WN,3430,N495WN,251,255,236,-4,0,BHM,LAS,1618,6,9,0,,0,NA,NA,NA,NA,NA2008,1,7,1,646,650,910,915,WN,779,N782SA,84,85,70,-5,-4,BHM,MCO,478,7,7,0,,0,NA,NA,NA,NA,NA2008,1,7,1,932,935,1155,1200,WN,1317,N707SA,83,85,67,-5,-3,BHM,MCO,478,7,9,0,,0,NA,NA,NA,NA,NA2008,1,7,1,1844,1850,2107,2120,WN,2382,N795SW,83,90,71,-13,-6,BHM,MCO,478,4,8,0,,0,NA,NA,NA,NA,NA2008,1,7,1,633,635,819,820,WN,437,N772SW,106,105,94,-1,-2,BHM,MDW,570,4,8,0,,0,NA,NA,NA,NA,NA2008,1,7,1,1443,1445,1618,1630,WN,1944,N234WN,95,105,83,-12,-2,BHM,MDW,570,4,8,0,,0,NA,NA,NA,NA,NA2008,1,7,1,1217,1220,1316,1325,WN,223,N733SA,59,65,50,-9,-3,BHM,MSY,321,3,6,0,,0,NA,NA,NA,NA,NA2008,1,7,1,1928,1935,2028,2040,WN,623,N401WN,60,65,50,-12,-7,BHM,MSY,321,3,7,0,,0,NA,NA,NA,NA,NA2008,1,7,1,616,615,718,720,WN,1481,N463WN,62,65,50,-2,1,BHM,MSY,321,4,8,0,,0,NA,NA,NA,NA,NA2008,1,7,1,1552,1555,1846,1900,WN,2093,N427WN,234,245,218,-14,-3,BHM,PHX,1455,7,9,0,,0,NA,NA,NA,NA,NA2008,1,7,1,1907,1840,2105,2050,WN,342,N488WN,58,70,46,15,27,BHM,SDF,323,3,9,0,,0,0,0,0,0,152008,1,7,1,1115,1115,1324,1320,WN,1188,N450WN,69,65,53,4,0,BHM,SDF,323,5,11,0,,0,NA,NA,NA,NA,NA2008,1,7,1,736,740,851,900,WN,472,N385SW,75,80,61,-9,-4,BHM,STL,410,4,10,0,,0,NA,NA,NA,NA,NA2008,1,7,1,946,950,1205,1210,WN,2031,N391SW,79,80,67,-5,-4,BHM,TPA,460,4,8,0,,0,NA,NA,NA,NA,NA2008,1,7,1,1749,1750,2011,2010,WN,2205,N391SW,82,80,67,1,-1,BHM,TPA,460,4,11,0,,0,NA,NA,NA,NA,NA2008,1,7,1,1349,1350,1602,1610,WN,2802,N467WN,73,80,63,-8,-1,BHM,TPA,460,4,6,0,,0,NA,NA,NA,NA,NA2008,1,7,1,1417,1350,1636,1615,WN,813,N306SW,139,145,125,21,27,BNA,AUS,756,6,8,0,,0,1,0,0,0,202008,1,7,1,803,810,1017,1030,WN,1137,N694SW,134,140,123,-13,-7,BNA,AUS,756,3,8,0,,0,NA,NA,NA,NA,NA2008,1,7,1,1952,1955,2207,2215,WN,3334,N633SW,135,140,122,-8,-3,BNA,AUS,756,4,9,0,,0,NA,NA,NA,NA,NA2008,1,7,1,1836,1835,2147,2145,WN,419,N295WN,131,130,117,2,1,BNA,BDL,852,3,11,0,,0,NA,NA,NA,NA,NA2008,1,7,1,959,1000,1041,1050,WN,112,N501SW,42,50,32,-9,-1,BNA,BHM,177,2,8,0,,0,NA,NA,NA,NA,NA2008,1,7,1,1540,1535,1627,1625,WN,764,N202WN,47,50,31,2,5,BNA,BHM,177,4,12,0,,0,NA,NA,NA,NA,NA2008,1,7,1,901,900,1130,1140,WN,48,N625SW,89,100,77,-10,1,BNA,BWI,588,3,9,0,,0,NA,NA,NA,NA,NA2008,1,7,1,621,620,853,900,WN,127,N228WN,92,100,76,-7,1,BNA,BWI,588,4,12,0,,0,NA,NA,NA,NA,NA2008,1,7,1,1430,1430,1657,1705,WN,133,N294WN,87,95,75,-8,0,BNA,BWI,588,4,8,0,,0,NA,NA,NA,NA,NA2008,1,7,1,1735,1705,2003,1945,WN,879,N441WN,88,100,74,18,30,BNA,BWI,588,3,11,0,,0,0,0,0,0,182008,1,7,1,2142,2145,8,15,WN,1107,N474WN,86,90,73,-7,-3,BNA,BWI,588,5,8,0,,0,NA,NA,NA,NA,NA2008,1,7,1,2018,1905,2246,2140,WN,1324,N240WN,88,95,77,66,73,BNA,BWI,588,4,7,0,,0,0,0,0,0,662008,1,7,1,1257,1245,1529,1520,WN,1920,N396SW,92,95,77,9,12,BNA,BWI,588,3,12,0,,0,NA,NA,NA,NA,NA2008,1,7,1,1040,1040,1307,1315,WN,2556,N207WN,87,95,75,-8,0,BNA,BWI,588,2,10,0,,0,NA,NA,NA,NA,NA2008,1,7,1,1021,1025,1238,1250,WN,518,N214WN,77,85,62,-12,-4,BNA,CLE,448,7,8,0,,0,NA,NA,NA,NA,NA2008,1,7,1,2031,1940,2250,2205,WN,2555,N714CB,79,85,63,45,51,BNA,CLE,448,8,8,0,,0,0,0,0,0,452008,1,7,1,920,920,1124,1130,WN,222,N643SW,64,70,54,-6,0,BNA,CMH,338,3,7,0,,0,NA,NA,NA,NA,NA2008,1,7,1,1859,1905,2100,2115,WN,1668,N250WN,61,70,49,-15,-6,BNA,CMH,338,5,7,0,,0,NA,NA,NA,NA,NA2008,1,7,1,926,925,1120,1125,WN,341,N356SW,174,180,158,-5,1,BNA,DEN,1013,7,9,0,,0,NA,NA,NA,NA,NA2008,1,7,1,1846,1850,2030,2050,WN,2821,N772SW,164,180,147,-20,-4,BNA,DEN,1013,8,9,0,,0,NA,NA,NA,NA,NA2008,1,7,1,1407,1410,1632,1645,WN,249,N714CB,85,95,73,-13,-3,BNA,DTW,457,3,9,0,,0,NA,NA,NA,NA,NA2008,1,7,1,909,915,1129,1145,WN,1592,N369SW,80,90,72,-16,-6,BNA,DTW,457,2,6,0,,0,NA,NA,NA,NA,NA2008,1,7,1,1836,1840,2100,2110,WN,3238,N348SW,84,90,68,-10,-4,BNA,DTW,457,4,12,0,,0,NA,NA,NA,NA,NA2008,1,7,1,812,810,1118,1120,WN,260,N389SW,126,130,109,-2,2,BNA,FLL,793,4,13,0,,0,NA,NA,NA,NA,NA2008,1,7,1,1828,1820,2126,2125,WN,959,N276WN,118,125,108,1,8,BNA,FLL,793,3,7,0,,0,NA,NA,NA,NA,NA2008,1,7,1,2113,2115,2309,2320,WN,312,N389SW,116,125,105,-11,-2,BNA,HOU,670,4,7,0,,0,NA,NA,NA,NA,NA2008,1,7,1,843,845,1049,1055,WN,614,N786SW,126,130,113,-6,-2,BNA,HOU,670,4,9,0,,0,NA,NA,NA,NA,NA2008,1,7,1,1329,1335,1530,1545,WN,1026,N415WN,121,130,110,-15,-6,BNA,HOU,670,4,7,0,,0,NA,NA,NA,NA,NA2008,1,7,1,622,625,826,835,WN,1829,N515SW,124,130,111,-9,-3,BNA,HOU,670,3,10,0,,0,NA,NA,NA,NA,NA2008,1,7,1,1601,1605,1800,1820,WN,2183,N502SW,119,135,108,-20,-4,BNA,HOU,670,3,8,0,,0,NA,NA,NA,NA,NA2008,1,7,1,1220,1210,1439,1430,WN,640,N383SW,79,80,67,9,10,BNA,JAX,484,4,8,0,,0,NA,NA,NA,NA,NA2008,1,7,1,1730,1725,1951,1950,WN,830,N757LV,81,85,66,1,5,BNA,JAX,484,3,12,0,,0,NA,NA,NA,NA,NA2008,1,7,1,2045,2030,2302,2250,WN,891,N209WN,77,80,65,12,15,BNA,JAX,484,4,8,0,,0,NA,NA,NA,NA,NA2008,1,7,1,750,755,1012,1015,WN,2108,N453WN,82,80,68,-3,-5,BNA,JAX,484,6,8,0,,0,NA,NA,NA,NA,NA2008,1,7,1,1648,1605,1852,1820,WN,298,N789SW,244,255,233,32,43,BNA,LAS,1588,3,8,0,,0,0,0,0,0,322008,1,7,1,1210,1210,1411,1425,WN,1479,N479WN,241,255,230,-14,0,BNA,LAS,1588,4,7,0,,0,NA,NA,NA,NA,NA2008,1,7,1,2014,2005,2235,2215,WN,2194,N431WN,261,250,242,20,9,BNA,LAS,1588,5,14,0,,0,3,0,11,0,62008,1,7,1,631,635,840,850,WN,2699,N243WN,249,255,239,-10,-4,BNA,LAS,1588,3,7,0,,0,NA,NA,NA,NA,NA2008,1,7,1,751,755,1038,1035,WN,92,N428WN,287,280,258,3,-4,BNA,LAX,1797,19,10,0,,0,NA,NA,NA,NA,NA2008,1,7,1,1051,1050,1329,1330,WN,420,N245WN,278,280,259,-1,1,BNA,LAX,1797,13,6,0,,0,NA,NA,NA,NA,NA2008,1,7,1,1810,1815,2041,2100,WN,2437,N246LV,271,285,254,-19,-5,BNA,LAX,1797,5,12,0,,0,NA,NA,NA,NA,NA2008,1,7,1,1639,1640,1834,1825,WN,102,N359SW,115,105,80,9,-1,BNA,MCI,491,26,9,0,,0,NA,NA,NA,NA,NA2008,1,7,1,1228,1225,1400,1410,WN,1151,N676SW,92,105,81,-10,3,BNA,MCI,491,4,7,0,,0,NA,NA,NA,NA,NA2008,1,7,1,641,645,814,830,WN,1655,N688SW,93,105,81,-16,-4,BNA,MCI,491,4,8,0,,0,NA,NA,NA,NA,NA2008,1,7,1,2038,2045,2209,2225,WN,2611,N288WN,91,100,78,-16,-7,BNA,MCI,491,6,7,0,,0,NA,NA,NA,NA,NA2008,1,7,1,641,645,918,930,WN,150,N635SW,97,105,84,-12,-4,BNA,MCO,616,4,9,0,,0,NA,NA,NA,NA,NA2008,1,7,1,1835,1735,2112,2020,WN,1058,N449WN,97,105,80,52,60,BNA,MCO,616,7,10,0,,0,0,0,0,0,522008,1,7,1,2032,2030,2308,2310,WN,2032,N271WN,96,100,81,-2,2,BNA,MCO,616,6,9,0,,0,NA,NA,NA,NA,NA2008,1,7,1,926,930,1206,1215,WN,2110,N713SW,100,105,82,-9,-4,BNA,MCO,616,8,10,0,,0,NA,NA,NA,NA,NA2008,1,7,1,1523,1530,1811,1815,WN,3169,N649SW,108,105,95,-4,-7,BNA,MCO,616,6,7,0,,0,NA,NA,NA,NA,NA2008,1,7,1,607,610,733,735,WN,398,N507SW,86,85,73,-2,-3,BNA,MDW,395,4,9,0,,0,NA,NA,NA,NA,NA2008,1,7,1,1809,1805,1950,1930,WN,762,N220WN,101,85,87,20,4,BNA,MDW,395,4,10,0,,0,0,0,20,0,02008,1,7,1,NA,2105,NA,2230,WN,941,,NA,85,NA,NA,NA,BNA,MDW,395,NA,NA,1,A,0,NA,NA,NA,NA,NA2008,1,7,1,1301,1305,1418,1425,WN,1422,N792SW,77,80,63,-7,-4,BNA,MDW,395,4,10,0,,0,NA,NA,NA,NA,NA2008,1,7,1,1132,1135,1248,1255,WN,2195,N453WN,76,80,64,-7,-3,BNA,MDW,395,5,7,0,,0,NA,NA,NA,NA,NA2008,1,7,1,1635,1640,NA,1805,WN,2804,N420WN,NA,85,NA,NA,-5,BNA,MDW,395,NA,6,0,,1,NA,NA,NA,NA,NA2008,1,7,1,2012,2010,2221,2130,WN,3428,N465WN,129,80,108,51,2,BNA,MDW,395,6,15,0,,0,0,0,51,0,02008,1,7,1,923,920,1042,1045,WN,3676,N523SW,79,85,66,-3,3,BNA,MDW,395,5,8,0,,0,NA,NA,NA,NA,NA2008,1,7,1,746,750,912,915,WN,3846,N210WN,86,85,71,-3,-4,BNA,MDW,395,5,10,0,,0,NA,NA,NA,NA,NA2008,1,7,1,1732,1735,1856,1905,WN,570,N515SW,84,90,72,-9,-3,BNA,MSY,471,3,9,0,,0,NA,NA,NA,NA,NA2008,1,7,1,941,945,1100,1115,WN,689,N464WN,79,90,71,-15,-4,BNA,MSY,471,2,6,0,,0,NA,NA,NA,NA,NA2008,1,7,1,1417,1420,1703,1725,WN,2463,N216WR,286,305,275,-22,-3,BNA,OAK,1959,3,8,0,,0,NA,NA,NA,NA,NA2008,1,7,1,1522,1525,1743,1755,WN,145,N473WN,261,270,252,-12,-3,BNA,ONT,1751,3,6,0,,0,NA,NA,NA,NA,NA2008,1,7,1,643,650,924,945,WN,81,N473WN,101,115,88,-21,-7,BNA,PHL,675,3,10,0,,0,NA,NA,NA,NA,NA2008,1,7,1,1110,1115,1356,1410,WN,638,N794SW,106,115,90,-14,-5,BNA,PHL,675,5,11,0,,0,NA,NA,NA,NA,NA2008,1,7,1,1833,1810,2113,2100,WN,2113,N659SW,100,110,89,13,23,BNA,PHL,675,4,7,0,,0,NA,NA,NA,NA,NA2008,1,7,1,1154,1145,1449,1440,WN,1413,N218WN,235,235,223,9,9,BNA,PHX,1448,5,7,0,,0,NA,NA,NA,NA,NA2008,1,7,1,715,715,1036,1015,WN,1580,N411WN,261,240,234,21,0,BNA,PHX,1448,17,10,0,,0,0,0,21,0,02008,1,7,1,1839,1840,2137,2130,WN,3492,N244WN,238,230,222,7,-1,BNA,PHX,1448,6,10,0,,0,NA,NA,NA,NA,NA2008,1,7,1,1502,1510,1749,1805,WN,3839,N405WN,227,235,213,-16,-8,BNA,PHX,1448,6,8,0,,0,NA,NA,NA,NA,NA2008,1,7,1,1629,1635,1931,1945,WN,2644,N413WN,122,130,108,-14,-6,BNA,PVD,907,5,9,0,,0,NA,NA,NA,NA,NA2008,1,7,1,849,850,1103,1110,WN,144,N405WN,74,80,64,-7,-1,BNA,RDU,443,3,7,0,,0,NA,NA,NA,NA,NA2008,1,7,1,1807,1800,2025,2020,WN,882,N773SA,78,80,62,5,7,BNA,RDU,443,3,13,0,,0,NA,NA,NA,NA,NA2008,1,7,1,2022,1940,2237,2200,WN,1262,N676SW,75,80,63,37,42,BNA,RDU,443,5,7,0,,0,36,0,0,0,12008,1,7,1,1415,1415,1633,1635,WN,1502,N318SW,78,80,65,-2,0,BNA,RDU,443,3,10,0,,0,NA,NA,NA,NA,NA2008,1,7,1,610,615,828,835,WN,3569,N496WN,78,80,66,-7,-5,BNA,RDU,443,4,8,0,,0,NA,NA,NA,NA,NA2008,1,7,1,1410,1410,1629,1640,WN,176,N487WN,259,270,247,-11,0,BNA,SAN,1751,2,10,0,,0,NA,NA,NA,NA,NA2008,1,7,1,718,720,955,950,WN,1597,N275WN,277,270,265,5,-2,BNA,SAN,1751,3,9,0,,0,NA,NA,NA,NA,NA2008,1,7,1,1930,1930,2154,2200,WN,884,N514SW,144,150,134,-6,0,BNA,SAT,822,3,7,0,,0,NA,NA,NA,NA,NA2008,1,7,1,828,830,1048,1100,WN,3767,N617SW,140,150,130,-12,-2,BNA,SAT,822,2,8,0,,0,NA,NA,NA,NA,NA2008,1,7,1,1605,1600,1845,1905,WN,2380,N203WN,280,305,268,-20,5,BNA,SEA,1977,5,7,0,,0,NA,NA,NA,NA,NA2008,1,7,1,2032,2040,2307,2320,WN,179,N428WN,95,100,82,-13,-8,BNA,TPA,612,3,10,0,,0,NA,NA,NA,NA,NA2008,1,7,1,1751,1755,2029,2040,WN,1576,N662SW,98,105,84,-11,-4,BNA,TPA,612,4,10,0,,0,NA,NA,NA,NA,NA2008,1,7,1,1422,1425,1658,1705,WN,3136,N392SW,96,100,83,-7,-3,BNA,TPA,612,4,9,0,,0,NA,NA,NA,NA,NA2008,1,7,1,929,930,1207,1215,WN,3599,N660SW,98,105,85,-8,-1,BNA,TPA,612,4,9,0,,0,NA,NA,NA,NA,NA2008,1,7,1,610,615,848,900,WN,3830,N207WN,98,105,83,-12,-5,BNA,TPA,612,5,10,0,,0,NA,NA,NA,NA,NA2008,1,7,1,2036,2040,2041,2040,WN,239,N350SW,65,60,56,1,-4,BOI,GEG,287,3,6,0,,0,NA,NA,NA,NA,NA2008,1,7,1,1024,1025,1025,1030,WN,2538,N206WN,61,65,47,-5,-1,BOI,GEG,287,4,10,0,,0,NA,NA,NA,NA,NA2008,1,7,1,1640,1640,1644,1640,WN,3589,N333SW,64,60,53,4,0,BOI,GEG,287,3,8,0,,0,NA,NA,NA,NA,NA2008,1,7,1,1007,1000,1049,1040,WN,781,N612SW,102,100,80,9,7,BOI,LAS,520,6,16,0,,0,NA,NA,NA,NA,NA2008,1,7,1,1851,1835,1917,1915,WN,2991,N612SW,86,100,73,2,16,BOI,LAS,520,6,7,0,,0,NA,NA,NA,NA,NA2008,1,7,1,1543,1535,1619,1620,WN,318,N466WN,96,105,85,-1,8,BOI,OAK,511,4,7,0,,0,NA,NA,NA,NA,NA2008,1,7,1,652,650,727,735,WN,612,N718SW,95,105,79,-8,2,BOI,OAK,511,5,11,0,,0,NA,NA,NA,NA,NA2008,1,7,1,1238,1230,1253,1245,WN,71,N378SW,75,75,64,8,8,BOI,PDX,344,2,9,0,,0,NA,NA,NA,NA,NA2008,1,7,1,1934,1845,1950,1900,WN,538,N699SW,76,75,66,50,49,BOI,PDX,344,3,7,0,,0,2,0,1,0,472008,1,7,1,858,900,921,915,WN,2897,N442WN,83,75,61,6,-2,BOI,PDX,344,3,19,0,,0,NA,NA,NA,NA,NA2008,1,7,1,1222,905,1236,910,WN,1006,N347SW,74,65,50,206,197,BOI,RNO,335,4,20,0,,0,0,0,9,0,1972008,1,7,1,1311,1310,1319,1315,WN,1027,N206WN,68,65,47,4,1,BOI,RNO,335,15,6,0,,0,NA,NA,NA,NA,NA2008,1,7,1,1944,1905,1944,1910,WN,1403,N382SW,60,65,48,34,39,BOI,RNO,335,4,8,0,,0,0,0,0,0,342008,1,7,1,629,630,701,700,WN,351,N629SW,92,90,71,1,-1,BOI,SEA,399,6,15,0,,0,NA,NA,NA,NA,NA2008,1,7,1,1832,1800,1859,1825,WN,1022,N673AA,87,85,73,34,32,BOI,SEA,399,5,9,0,,0,0,0,2,0,322008,1,7,1,1206,1200,1235,1230,WN,1041,N466WN,89,90,73,5,6,BOI,SEA,399,4,12,0,,0,NA,NA,NA,NA,NA2008,1,7,1,714,705,807,805,WN,401,N431WN,53,60,44,2,9,BOI,SLC,291,3,6,0,,0,NA,NA,NA,NA,NA2008,1,7,1,1401,1305,1508,1405,WN,783,N337SW,67,60,48,63,56,BOI,SLC,291,3,16,0,,0,0,0,7,0,562008,1,7,1,1551,1550,1648,1650,WN,2377,N615SW,57,60,41,-2,1,BOI,SLC,291,9,7,0,,0,NA,NA,NA,NA,NA2008,1,7,1,2039,2040,2139,2145,WN,65,N425LV,60,65,47,-6,-1,BUF,BWI,281,6,7,0,,0,NA,NA,NA,NA,NA2008,1,7,1,1834,1835,1933,1945,WN,140,N671SW,59,70,48,-12,-1,BUF,BWI,281,4,7,0,,0,NA,NA,NA,NA,NA2008,1,7,1,819,825,920,930,WN,171,N429WN,61,65,49,-10,-6,BUF,BWI,281,2,10,0,,0,NA,NA,NA,NA,NA2008,1,7,1,1105,1110,1201,1215,WN,503,N342SW,56,65,44,-14,-5,BUF,BWI,281,3,9,0,,0,NA,NA,NA,NA,NA2008,1,7,1,1358,1400,1452,1505,WN,572,N741SA,54,65,44,-13,-2,BUF,BWI,281,3,7,0,,0,NA,NA,NA,NA,NA2008,1,7,1,629,630,728,740,WN,1134,N344SW,59,70,48,-12,-1,BUF,BWI,281,2,9,0,,0,NA,NA,NA,NA,NA2008,1,7,1,1541,1540,1645,1645,WN,1828,N639SW,64,65,48,0,1,BUF,BWI,281,3,13,0,,0,NA,NA,NA,NA,NA2008,1,7,1,1057,1100,1302,1310,WN,127,N228WN,305,310,290,-8,-3,BUF,LAS,1987,6,9,0,,0,NA,NA,NA,NA,NA2008,1,7,1,1310,1315,1536,1600,WN,990,N701GS,146,165,133,-24,-5,BUF,MCO,1011,5,8,0,,0,NA,NA,NA,NA,NA2008,1,7,1,717,720,948,1010,WN,1569,N218WN,151,170,133,-22,-3,BUF,MCO,1011,8,10,0,,0,NA,NA,NA,NA,NA2008,1,7,1,1815,1820,2043,2100,WN,3773,N660SW,148,160,135,-17,-5,BUF,MCO,1011,5,8,0,,0,NA,NA,NA,NA,NA2008,1,7,1,947,950,1029,1035,WN,280,N494WN,102,105,88,-6,-3,BUF,MDW,468,5,9,0,,0,NA,NA,NA,NA,NA2008,1,7,1,643,645,728,730,WN,689,N464WN,105,105,93,-2,-2,BUF,MDW,468,3,9,0,,0,NA,NA,NA,NA,NA2008,1,7,1,1754,1750,NA,1840,WN,1009,N729SW,NA,110,NA,NA,4,BUF,MDW,468,NA,12,0,,1,NA,NA,NA,NA,NA2008,1,7,1,1654,1630,1956,1930,WN,774,N771SA,302,300,288,26,24,BUF,PHX,1912,6,8,0,,0,6,0,2,0,182008,1,7,1,736,740,1009,1030,WN,2178,N741SA,153,170,141,-21,-4,BUF,TPA,1054,4,8,0,,0,NA,NA,NA,NA,NA2008,1,7,1,1525,1525,1757,1815,WN,3576,N684WN,152,170,143,-18,0,BUF,TPA,1054,3,6,0,,0,NA,NA,NA,NA,NA2008,1,7,1,1636,1630,1731,1735,WN,504,N678AA,55,65,44,-4,6,BUR,LAS,223,5,6,0,,0,NA,NA,NA,NA,NA2008,1,7,1,817,810,912,910,WN,778,N692SW,55,60,43,2,7,BUR,LAS,223,4,8,0,,0,NA,NA,NA,NA,NA2008,1,7,1,850,840,948,940,WN,997,N470WN,58,60,44,8,10,BUR,LAS,223,3,11,0,,0,NA,NA,NA,NA,NA2008,1,7,1,1101,1100,1156,1205,WN,1171,N243WN,55,65,43,-9,1,BUR,LAS,223,5,7,0,,0,NA,NA,NA,NA,NA2008,1,7,1,1218,1215,NA,1320,WN,1660,N640SW,NA,65,NA,NA,3,BUR,LAS,223,NA,11,0,,1,NA,NA,NA,NA,NA2008,1,7,1,1001,1000,1103,1105,WN,1776,N432WN,62,65,43,-2,1,BUR,LAS,223,5,14,0,,0,NA,NA,NA,NA,NA2008,1,7,1,1457,1420,1547,1525,WN,1925,N436WN,50,65,41,22,37,BUR,LAS,223,3,6,0,,0,3,0,0,0,192008,1,7,1,1307,1305,1406,1410,WN,2032,N271WN,59,65,45,-4,2,BUR,LAS,223,4,10,0,,0,NA,NA,NA,NA,NA2008,1,7,1,1548,1535,1641,1640,WN,2383,N204WN,53,65,45,1,13,BUR,LAS,223,3,5,0,,0,NA,NA,NA,NA,NA2008,1,7,1,1744,1745,1848,1845,WN,2457,N430WN,64,60,46,3,-1,BUR,LAS,223,5,13,0,,0,NA,NA,NA,NA,NA2008,1,7,1,2059,2105,2157,2210,WN,2540,N417WN,58,65,40,-13,-6,BUR,LAS,223,4,14,0,,0,NA,NA,NA,NA,NA2008,1,7,1,1914,1915,2005,2015,WN,2550,N216WR,51,60,40,-10,-1,BUR,LAS,223,4,7,0,,0,NA,NA,NA,NA,NA2008,1,7,1,713,715,814,820,WN,3222,N459WN,61,65,43,-6,-2,BUR,LAS,223,5,13,0,,0,NA,NA,NA,NA,NA2008,1,7,1,1455,1425,1609,1535,WN,10,N302SW,74,70,56,34,30,BUR,OAK,325,4,14,0,,0,0,0,4,0,302008,1,7,1,2134,2140,2243,2250,WN,219,N776WN,69,70,54,-7,-6,BUR,OAK,325,4,11,0,,0,NA,NA,NA,NA,NA2008,1,7,1,1939,1930,2039,2045,WN,391,N723SW,60,75,52,-6,9,BUR,OAK,325,4,4,0,,0,NA,NA,NA,NA,NA2008,1,7,1,926,910,1029,1025,WN,450,N339SW,63,75,57,4,16,BUR,OAK,325,4,2,0,,0,NA,NA,NA,NA,NA2008,1,7,1,813,810,916,925,WN,670,N374SW,63,75,57,-9,3,BUR,OAK,325,2,4,0,,0,NA,NA,NA,NA,NA2008,1,7,1,1125,1125,1234,1235,WN,682,N746SW,69,70,58,-1,0,BUR,OAK,325,5,6,0,,0,NA,NA,NA,NA,NA2008,1,7,1,1356,1355,1502,1505,WN,850,N618WN,66,70,55,-3,1,BUR,OAK,325,4,7,0,,0,NA,NA,NA,NA,NA2008,1,7,1,1224,1225,1332,1335,WN,1024,N474WN,68,70,54,-3,-1,BUR,OAK,325,6,8,0,,0,NA,NA,NA,NA,NA2008,1,7,1,1522,1520,1631,1635,WN,1132,N327SW,69,75,53,-4,2,BUR,OAK,325,9,7,0,,0,NA,NA,NA,NA,NA2008,1,7,1,2037,2030,2146,2140,WN,1246,N368SW,69,70,55,6,7,BUR,OAK,325,6,8,0,,0,NA,NA,NA,NA,NA2008,1,7,1,1804,1720,1918,1835,WN,1339,N656SW,74,75,57,43,44,BUR,OAK,325,8,9,0,,0,0,0,0,0,432008,1,7,1,NA,1650,NA,1805,WN,1398,,NA,75,NA,NA,NA,BUR,OAK,325,NA,NA,1,A,0,NA,NA,NA,NA,NA2008,1,7,1,1900,1900,2007,2015,WN,1587,N218WN,67,75,54,-8,0,BUR,OAK,325,8,5,0,,0,NA,NA,NA,NA,NA2008,1,7,1,1757,1750,1904,1905,WN,2182,N280WN,67,75,53,-1,7,BUR,OAK,325,4,10,0,,0,NA,NA,NA,NA,NA2008,1,7,1,902,840,1013,955,WN,2613,N325SW,71,75,57,18,22,BUR,OAK,325,5,9,0,,0,17,0,0,0,12008,1,7,1,700,700,810,815,WN,3483,N208WN,70,75,59,-5,0,BUR,OAK,325,5,6,0,,0,NA,NA,NA,NA,NA2008,1,7,1,1021,1020,1135,1135,WN,3668,N265WN,74,75,55,0,1,BUR,OAK,325,11,8,0,,0,NA,NA,NA,NA,NA2008,1,7,1,1045,1025,1321,1245,WN,320,N354SW,96,80,76,36,20,BUR,PHX,369,5,15,0,,0,1,0,16,0,192008,1,7,1,2116,2115,2317,2330,WN,325,N473WN,61,75,54,-13,1,BUR,PHX,369,3,4,0,,0,NA,NA,NA,NA,NA2008,1,7,1,2034,2020,2235,2240,WN,444,N675AA,61,80,54,-5,14,BUR,PHX,369,4,3,0,,0,NA,NA,NA,NA,NA2008,1,7,1,1617,1610,1833,1835,WN,481,N439WN,76,85,63,-2,7,BUR,PHX,369,6,7,0,,0,NA,NA,NA,NA,NA2008,1,7,1,1326,1300,1542,1525,WN,891,N209WN,76,85,62,17,26,BUR,PHX,369,6,8,0,,0,12,0,0,0,52008,1,7,1,954,945,1245,1210,WN,940,N358SW,111,85,93,35,9,BUR,PHX,369,8,10,0,,0,0,0,35,0,02008,1,7,1,1833,1830,2046,2055,WN,980,N456WN,73,85,63,-9,3,BUR,PHX,369,4,6,0,,0,NA,NA,NA,NA,NA2008,1,7,1,841,825,NA,1045,WN,1241,N699SW,NA,80,NA,NA,16,BUR,PHX,369,NA,21,0,,1,NA,NA,NA,NA,NA2008,1,7,1,NA,1345,NA,1605,WN,2614,,NA,80,NA,NA,NA,BUR,PHX,369,NA,NA,1,A,0,NA,NA,NA,NA,NA2008,1,7,1,803,700,NA,925,WN,2787,N301SW,NA,85,NA,NA,63,BUR,PHX,369,NA,10,0,,1,NA,NA,NA,NA,NA2008,1,7,1,1912,1915,2014,2020,WN,921,N266WN,62,65,49,-6,-3,BUR,SJC,296,3,10,0,,0,NA,NA,NA,NA,NA2008,1,7,1,1832,1830,1931,1935,WN,1306,N327SW,59,65,49,-4,2,BUR,SJC,296,3,7,0,,0,NA,NA,NA,NA,NA2008,1,7,1,1555,1520,1704,1625,WN,1328,N304SW,69,65,51,39,35,BUR,SJC,296,3,15,0,,0,0,0,4,0,352008,1,7,1,1215,1200,1315,1305,WN,2546,N398SW,60,65,53,10,15,BUR,SJC,296,2,5,0,,0,NA,NA,NA,NA,NA2008,1,7,1,2051,2055,2157,2200,WN,2871,N475WN,66,65,51,-3,-4,BUR,SJC,296,4,11,0,,0,NA,NA,NA,NA,NA2008,1,7,1,1355,1345,1501,1450,WN,2874,N384SW,66,65,53,11,10,BUR,SJC,296,3,10,0,,0,NA,NA,NA,NA,NA2008,1,7,1,1632,1615,1732,1720,WN,3237,N790SW,60,65,51,12,17,BUR,SJC,296,3,6,0,,0,NA,NA,NA,NA,NA2008,1,7,1,1037,1040,1145,1145,WN,3426,N251WN,68,65,53,0,-3,BUR,SJC,296,2,13,0,,0,NA,NA,NA,NA,NA2008,1,7,1,705,705,813,815,WN,3744,N432WN,68,70,56,-2,0,BUR,SJC,296,3,9,0,,0,NA,NA,NA,NA,NA2008,1,7,1,928,930,1030,1035,WN,3859,N474WN,62,65,50,-5,-2,BUR,SJC,296,3,9,0,,0,NA,NA,NA,NA,NA2008,1,7,1,NA,1940,NA,2055,WN,148,,NA,75,NA,NA,NA,BUR,SMF,358,NA,NA,1,A,0,NA,NA,NA,NA,NA2008,1,7,1,706,705,834,825,WN,178,N785SW,88,80,65,9,1,BUR,SMF,358,5,18,0,,0,NA,NA,NA,NA,NA2008,1,7,1,2049,2055,2207,2210,WN,333,N335SW,78,75,60,-3,-6,BUR,SMF,358,4,14,0,,0,NA,NA,NA,NA,NA2008,1,7,1,1658,1630,1810,1745,WN,734,N695SW,72,75,58,25,28,BUR,SMF,358,5,9,0,,0,0,0,0,0,252008,1,7,1,1245,1145,1355,1300,WN,957,N382SW,70,75,59,55,60,BUR,SMF,358,4,7,0,,0,0,0,0,0,552008,1,7,1,926,925,1043,1040,WN,1408,N305SW,77,75,64,3,1,BUR,SMF,358,4,9,0,,0,NA,NA,NA,NA,NA2008,1,7,1,1220,1215,1337,1330,WN,1586,N327SW,77,75,62,7,5,BUR,SMF,358,4,11,0,,0,NA,NA,NA,NA,NA2008,1,7,1,1825,1800,1938,1915,WN,2284,N395SW,73,75,61,23,25,BUR,SMF,358,4,8,0,,0,0,0,4,0,192008,1,7,1,1436,1435,1546,1550,WN,2370,N430WN,70,75,61,-4,1,BUR,SMF,358,4,5,0,,0,NA,NA,NA,NA,NA2008,1,7,1,NA,1040,NA,1155,WN,2699,,NA,75,NA,NA,NA,BUR,SMF,358,NA,NA,1,A,0,NA,NA,NA,NA,NA2008,1,7,1,807,805,922,920,WN,3681,N355SW,75,75,62,2,2,BUR,SMF,358,4,9,0,,0,NA,NA,NA,NA,NA2008,1,7,1,1425,1425,1702,1655,WN,644,N902WN,277,270,265,7,0,BWI,ABQ,1670,4,8,0,,0,NA,NA,NA,NA,NA2008,1,7,1,1753,1755,1851,1905,WN,236,N461WN,58,70,49,-14,-2,BWI,ALB,288,3,6,0,,0,NA,NA,NA,NA,NA2008,1,7,1,1339,1340,1444,1450,WN,323,N652SW,65,70,53,-6,-1,BWI,ALB,288,3,9,0,,0,NA,NA,NA,NA,NA2008,1,7,1,839,830,942,940,WN,922,N380SW,63,70,53,2,9,BWI,ALB,288,3,7,0,,0,NA,NA,NA,NA,NA2008,1,7,1,1641,1645,1745,1755,WN,1774,N434WN,64,70,52,-10,-4,BWI,ALB,288,2,10,0,,0,NA,NA,NA,NA,NA2008,1,7,1,656,700,803,810,WN,3310,N402WN,67,70,52,-7,-4,BWI,ALB,288,3,12,0,,0,NA,NA,NA,NA,NA2008,1,7,1,1020,1025,1125,1135,WN,3569,N496WN,65,70,55,-10,-5,BWI,ALB,288,3,7,0,,0,NA,NA,NA,NA,NA2008,1,7,1,2124,2045,2220,2150,WN,3657,N208WN,56,65,47,30,39,BWI,ALB,288,2,7,0,,0,0,0,0,0,302008,1,7,1,1417,1420,1653,1710,WN,160,N498WN,216,230,205,-17,-3,BWI,AUS,1342,5,6,0,,0,NA,NA,NA,NA,NA2008,1,7,1,918,915,1149,1210,WN,3481,N462WN,211,235,198,-21,3,BWI,AUS,1342,5,8,0,,0,NA,NA,NA,NA,NA2008,1,7,1,2021,1955,2119,2100,WN,523,N379SW,58,65,46,19,26,BWI,BDL,283,4,8,0,,0,0,0,0,0,192008,1,7,1,2027,2030,2132,2135,WN,1507,N641SW,65,65,49,-3,-3,BWI,BDL,283,3,13,0,,0,NA,NA,NA,NA,NA2008,1,7,1,1350,1335,1457,1440,WN,1570,N321SW,67,65,53,17,15,BWI,BDL,283,4,10,0,,0,15,0,2,0,02008,1,7,1,2126,2125,2226,2230,WN,1686,N274WN,60,65,48,-4,1,BWI,BDL,283,3,9,0,,0,NA,NA,NA,NA,NA2008,1,7,1,836,835,938,940,WN,1773,N217JC,62,65,48,-2,1,BWI,BDL,283,3,11,0,,0,NA,NA,NA,NA,NA2008,1,7,1,1540,1545,1640,1650,WN,2362,N737JW,60,65,47,-10,-5,BWI,BDL,283,5,8,0,,0,NA,NA,NA,NA,NA2008,1,7,1,1026,1030,1133,1135,WN,3062,N781WN,67,65,51,-2,-4,BWI,BDL,283,3,13,0,,0,NA,NA,NA,NA,NA2008,1,7,1,1739,1740,1844,1845,WN,3320,N249WN,65,65,51,-1,-1,BWI,BDL,283,4,10,0,,0,NA,NA,NA,NA,NA2008,1,7,1,634,635,731,740,WN,3658,N261WN,57,65,47,-9,-1,BWI,BDL,283,3,7,0,,0,NA,NA,NA,NA,NA2008,1,7,1,1804,1805,1900,1915,WN,623,N401WN,116,130,103,-15,-1,BWI,BHM,682,3,10,0,,0,NA,NA,NA,NA,NA2008,1,7,1,1311,1310,1401,1420,WN,1857,N234WN,110,130,100,-19,1,BWI,BHM,682,2,8,0,,0,NA,NA,NA,NA,NA2008,1,7,1,813,815,909,930,WN,2031,N391SW,116,135,102,-21,-2,BWI,BHM,682,2,12,0,,0,NA,NA,NA,NA,NA2008,1,7,1,627,630,715,730,WN,92,N428WN,108,120,91,-15,-3,BWI,BNA,588,5,12,0,,0,NA,NA,NA,NA,NA2008,1,7,1,1351,1355,1434,1455,WN,145,N473WN,103,120,90,-21,-4,BWI,BNA,588,5,8,0,,0,NA,NA,NA,NA,NA2008,1,7,1,923,925,1006,1025,WN,420,N245WN,103,120,90,-19,-2,BWI,BNA,588,5,8,0,,0,NA,NA,NA,NA,NA2008,1,7,1,2056,2100,2142,2200,WN,435,N634SW,106,120,94,-18,-4,BWI,BNA,588,4,8,0,,0,NA,NA,NA,NA,NA2008,1,7,1,1149,1125,1239,1225,WN,1187,N396SW,110,120,92,14,24,BWI,BNA,588,4,14,0,,0,NA,NA,NA,NA,NA2008,1,7,1,802,805,850,905,WN,2110,N713SW,108,120,89,-15,-3,BWI,BNA,588,6,13,0,,0,NA,NA,NA,NA,NA2008,1,7,1,1652,1650,1739,1750,WN,2437,N246LV,107,120,92,-11,2,BWI,BNA,588,8,7,0,,0,NA,NA,NA,NA,NA2008,1,7,1,1916,1920,2003,2020,WN,2611,N288WN,107,120,92,-17,-4,BWI,BNA,588,5,10,0,,0,NA,NA,NA,NA,NA2008,1,7,1,921,925,1021,1030,WN,127,N228WN,60,65,51,-9,-4,BWI,BUF,281,2,7,0,,0,NA,NA,NA,NA,NA2008,1,7,1,650,650,751,755,WN,134,N429WN,61,65,50,-4,0,BWI,BUF,281,2,9,0,,0,NA,NA,NA,NA,NA2008,1,7,1,1148,1145,1247,1250,WN,903,N701GS,59,65,47,-3,3,BWI,BUF,281,3,9,0,,0,NA,NA,NA,NA,NA2008,1,7,1,1655,1655,1802,1805,WN,1516,N671SW,67,70,48,-3,0,BWI,BUF,281,10,9,0,,0,NA,NA,NA,NA,NA2008,1,7,1,2110,2115,2212,2220,WN,1830,N236WN,62,65,53,-8,-5,BWI,BUF,281,3,6,0,,0,NA,NA,NA,NA,NA2008,1,7,1,1921,1915,2016,2020,WN,3419,N425LV,55,65,45,-4,6,BWI,BUF,281,3,7,0,,0,NA,NA,NA,NA,NA2008,1,7,1,1355,1355,1453,1500,WN,3489,N684WN,58,65,47,-7,0,BWI,BUF,281,4,7,0,,0,NA,NA,NA,NA,NA2008,1,7,1,901,905,1015,1025,WN,97,N778SW,74,80,52,-10,-4,BWI,CLE,314,5,17,0,,0,NA,NA,NA,NA,NA2008,1,7,1,1810,1815,1924,1930,WN,269,N376SW,74,75,59,-6,-5,BWI,CLE,314,6,9,0,,0,NA,NA,NA,NA,NA2008,1,7,1,1307,1310,1414,1425,WN,433,N259WN,67,75,54,-11,-3,BWI,CLE,314,4,9,0,,0,NA,NA,NA,NA,NA2008,1,7,1,2015,2015,2123,2125,WN,881,N630WN,68,70,53,-2,0,BWI,CLE,314,4,11,0,,0,NA,NA,NA,NA,NA2008,1,7,1,834,835,944,955,WN,68,N732SW,70,80,58,-11,-1,BWI,CMH,336,4,8,0,,0,NA,NA,NA,NA,NA2008,1,7,1,1640,1625,1749,1745,WN,219,N776WN,69,80,55,4,15,BWI,CMH,336,4,10,0,,0,NA,NA,NA,NA,NA2008,1,7,1,622,625,732,745,WN,614,N786SW,70,80,59,-13,-3,BWI,CMH,336,4,7,0,,0,NA,NA,NA,NA,NA2008,1,7,1,1902,1855,2016,2015,WN,1143,N734SA,74,80,54,1,7,BWI,CMH,336,4,16,0,,0,NA,NA,NA,NA,NA2008,1,7,1,1347,1340,1451,1455,WN,3406,N298WN,64,75,55,-4,7,BWI,CMH,336,2,7,0,,0,NA,NA,NA,NA,NA2008,1,7,1,707,710,916,920,WN,1049,N493WN,249,250,230,-4,-3,BWI,DEN,1491,7,12,0,,0,NA,NA,NA,NA,NA2008,1,7,1,1207,1210,1406,1420,WN,2707,N426WN,239,250,227,-14,-3,BWI,DEN,1491,5,7,0,,0,NA,NA,NA,NA,NA2008,1,7,1,1815,1815,2021,2025,WN,3331,N492WN,246,250,226,-4,0,BWI,DEN,1491,8,12,0,,0,NA,NA,NA,NA,NA2008,1,7,1,754,755,919,925,WN,640,N383SW,85,90,71,-6,-1,BWI,DTW,408,5,9,0,,0,NA,NA,NA,NA,NA2008,1,7,1,1941,1945,2108,2115,WN,1170,N313SW,87,90,71,-7,-4,BWI,DTW,408,5,11,0,,0,NA,NA,NA,NA,NA2008,1,7,1,1116,1120,1244,1300,WN,3049,N392SW,88,100,75,-16,-4,BWI,DTW,408,5,8,0,,0,NA,NA,NA,NA,NA2008,1,7,1,1503,1510,1628,1650,WN,3691,N229WN,85,100,73,-22,-7,BWI,DTW,408,3,9,0,,0,NA,NA,NA,NA,NA2008,1,7,1,1333,1335,1554,1615,WN,222,N643SW,141,160,128,-21,-2,BWI,FLL,925,4,9,0,,0,NA,NA,NA,NA,NA2008,1,7,1,642,645,902,925,WN,1223,N765SW,140,160,126,-23,-3,BWI,FLL,925,3,11,0,,0,NA,NA,NA,NA,NA2008,1,7,1,1755,1800,2015,2040,WN,3226,N330SW,140,160,128,-25,-5,BWI,FLL,925,4,8,0,,0,NA,NA,NA,NA,NA2008,1,7,1,2006,2010,2228,2250,WN,3486,N609SW,142,160,130,-22,-4,BWI,FLL,925,4,8,0,,0,NA,NA,NA,NA,NA2008,1,7,1,946,950,1209,1235,WN,3745,N261WN,143,165,128,-26,-4,BWI,FLL,925,4,11,0,,0,NA,NA,NA,NA,NA2008,1,7,1,653,655,913,935,WN,16,N346SW,200,220,187,-22,-2,BWI,HOU,1246,5,8,0,,0,NA,NA,NA,NA,NA2008,1,7,1,2011,2000,2233,2240,WN,2034,N321SW,202,220,184,-7,11,BWI,HOU,1246,4,14,0,,0,NA,NA,NA,NA,NA2008,1,7,1,1200,1200,1415,1440,WN,2436,N365SW,195,220,172,-25,0,BWI,HOU,1246,15,8,0,,0,NA,NA,NA,NA,NA2008,1,7,1,1652,1635,1912,1920,WN,2795,N421LV,200,225,188,-8,17,BWI,HOU,1246,4,8,0,,0,NA,NA,NA,NA,NA2008,1,7,1,1615,1615,1800,1805,WN,509,N900WN,105,110,85,-5,0,BWI,IND,515,8,12,0,,0,NA,NA,NA,NA,NA2008,1,7,1,818,820,1005,1010,WN,535,N754SW,107,110,84,-5,-2,BWI,IND,515,14,9,0,,0,NA,NA,NA,NA,NA2008,1,7,1,1206,1205,1349,1355,WN,675,N497WN,103,110,85,-6,1,BWI,IND,515,8,10,0,,0,NA,NA,NA,NA,NA2008,1,7,1,1205,1205,1304,1305,WN,432,N679AA,59,60,44,-1,0,BWI,ISP,220,5,10,0,,0,NA,NA,NA,NA,NA2008,1,7,1,1335,1340,1433,1440,WN,899,N716SW,58,60,43,-7,-5,BWI,ISP,220,4,11,0,,0,NA,NA,NA,NA,NA2008,1,7,1,1908,1855,2003,1955,WN,1155,N267WN,55,60,42,8,13,BWI,ISP,220,4,9,0,,0,NA,NA,NA,NA,NA2008,1,7,1,658,700,757,800,WN,1571,N225WN,59,60,46,-3,-2,BWI,ISP,220,4,9,0,,0,NA,NA,NA,NA,NA2008,1,7,1,2026,1955,2119,2055,WN,1678,N325SW,53,60,42,24,31,BWI,ISP,220,3,8,0,,0,0,0,0,0,242008,1,7,1,932,935,1025,1035,WN,1750,N422WN,53,60,41,-10,-3,BWI,ISP,220,5,7,0,,0,NA,NA,NA,NA,NA2008,1,7,1,1553,1555,1650,1655,WN,3771,N468WN,57,60,44,-5,-2,BWI,ISP,220,3,10,0,,0,NA,NA,NA,NA,NA2008,1,7,1,952,935,1118,1120,WN,2124,N397SW,146,165,133,-2,17,BWI,JAN,888,4,9,0,,0,NA,NA,NA,NA,NA2008,1,7,1,1756,1740,1922,1925,WN,3154,N242WN,146,165,132,-3,16,BWI,JAN,888,3,11,0,,0,NA,NA,NA,NA,NA2008,1,7,1,1502,1505,1648,1710,WN,54,N679AA,106,125,94,-22,-3,BWI,JAX,663,4,8,0,,0,NA,NA,NA,NA,NA2008,1,7,1,1203,1205,1347,1410,WN,1244,N286WN,104,125,92,-23,-2,BWI,JAX,663,3,9,0,,0,NA,NA,NA,NA,NA2008,1,7,1,616,620,812,830,WN,1396,N321SW,116,130,100,-18,-4,BWI,JAX,663,7,9,0,,0,NA,NA,NA,NA,NA2008,1,7,1,1853,1900,2122,2125,WN,135,N273WN,329,325,308,-3,-7,BWI,LAS,2106,5,16,0,,0,NA,NA,NA,NA,NA2008,1,7,1,1220,1220,1443,1450,WN,1061,N780SW,323,330,311,-7,0,BWI,LAS,2106,4,8,0,,0,NA,NA,NA,NA,NA2008,1,7,1,858,855,1128,1125,WN,1928,N458WN,330,330,316,3,3,BWI,LAS,2106,5,9,0,,0,NA,NA,NA,NA,NA2008,1,7,1,1038,1035,1211,1215,WN,700,N331SW,153,160,136,-4,3,BWI,LIT,912,4,13,0,,0,NA,NA,NA,NA,NA2008,1,7,1,641,645,830,840,WN,425,N690SW,169,175,156,-10,-4,BWI,MCI,967,5,8,0,,0,NA,NA,NA,NA,NA2008,1,7,1,1843,1845,2033,2040,WN,3239,N632SW,170,175,153,-7,-2,BWI,MCI,967,4,13,0,,0,NA,NA,NA,NA,NA2008,1,7,1,1317,1305,1459,1505,WN,3307,N221WN,162,180,150,-6,12,BWI,MCI,967,5,7,0,,0,NA,NA,NA,NA,NA2008,1,7,1,657,700,857,925,WN,69,N491WN,120,145,106,-28,-3,BWI,MCO,787,6,8,0,,0,NA,NA,NA,NA,NA2008,1,7,1,1948,1925,2148,2145,WN,168,N629SW,120,140,108,3,23,BWI,MCO,787,5,7,0,,0,NA,NA,NA,NA,NA2008,1,7,1,950,955,1157,1220,WN,171,N429WN,127,145,111,-23,-5,BWI,MCO,787,7,9,0,,0,NA,NA,NA,NA,NA2008,1,7,1,1330,1330,1529,1555,WN,426,N664WN,119,145,107,-26,0,BWI,MCO,787,5,7,0,,0,NA,NA,NA,NA,NA2008,1,7,1,1125,1130,1330,1355,WN,888,N677AA,125,145,113,-25,-5,BWI,MCO,787,5,7,0,,0,NA,NA,NA,NA,NA2008,1,7,1,1657,1700,1901,1925,WN,1657,N217JC,124,145,109,-24,-3,BWI,MCO,787,5,10,0,,0,NA,NA,NA,NA,NA2008,1,7,1,553,600,755,820,WN,1832,N427WN,122,140,108,-25,-7,BWI,MCO,787,6,8,0,,0,NA,NA,NA,NA,NA2008,1,7,1,804,805,1010,1030,WN,2697,N475WN,126,145,110,-20,-1,BWI,MCO,787,7,9,0,,0,NA,NA,NA,NA,NA2008,1,7,1,1422,1420,1637,1645,WN,3151,N348SW,135,145,114,-8,2,BWI,MCO,787,6,15,0,,0,NA,NA,NA,NA,NA2008,1,7,1,1852,1820,2043,1930,WN,421,N290WN,171,130,151,73,32,BWI,MDW,611,7,13,0,,0,0,0,41,0,322008,1,7,1,2338,2125,50,2230,WN,549,N390SW,132,125,115,140,133,BWI,MDW,611,6,11,0,,0,126,0,7,0,72008,1,7,1,1018,1020,1109,1125,WN,872,N406WN,111,125,100,-16,-2,BWI,MDW,611,3,8,0,,0,NA,NA,NA,NA,NA2008,1,7,1,722,725,822,835,WN,1008,N213WN,120,130,111,-13,-3,BWI,MDW,611,3,6,0,,0,NA,NA,NA,NA,NA2008,1,7,1,1450,1450,1540,1555,WN,1161,N491WN,110,125,98,-15,0,BWI,MDW,611,4,8,0,,0,NA,NA,NA,NA,NA2008,1,7,1,1310,1300,1406,1405,WN,1276,N725SW,116,125,99,1,10,BWI,MDW,611,6,11,0,,0,NA,NA,NA,NA,NA2008,1,7,1,2338,1955,47,2105,WN,2655,N408WN,129,130,109,222,223,BWI,MDW,611,13,7,0,,0,0,222,0,0,02008,1,7,1,615,620,717,730,WN,2702,N774SW,122,130,107,-13,-5,BWI,MDW,611,3,12,0,,0,NA,NA,NA,NA,NA2008,1,7,1,2141,2130,2251,2245,WN,86,N399WN,70,75,58,6,11,BWI,MHT,377,4,8,0,,0,NA,NA,NA,NA,NA2008,1,7,1,1308,1310,1423,1425,WN,128,N246LV,75,75,57,-2,-2,BWI,MHT,377,9,9,0,,0,NA,NA,NA,NA,NA2008,1,7,1,1931,1935,2045,2050,WN,157,N437WN,74,75,58,-5,-4,BWI,MHT,377,7,9,0,,0,NA,NA,NA,NA,NA2008,1,7,1,1830,1835,1947,1950,WN,224,N235WN,77,75,61,-3,-5,BWI,MHT,377,4,12,0,,0,NA,NA,NA,NA,NA2008,1,7,1,846,825,1004,940,WN,726,N306SW,78,75,62,24,21,BWI,MHT,377,5,11,0,,0,7,0,3,0,142008,1,7,1,946,950,1101,1105,WN,889,N284WN,75,75,63,-4,-4,BWI,MHT,377,3,9,0,,0,NA,NA,NA,NA,NA2008,1,7,1,1508,1510,1616,1625,WN,2126,N278WN,68,75,57,-9,-2,BWI,MHT,377,4,7,0,,0,NA,NA,NA,NA,NA2008,1,7,1,707,710,822,825,WN,2179,N674AA,75,75,62,-3,-3,BWI,MHT,377,3,10,0,,0,NA,NA,NA,NA,NA2008,1,7,1,1611,1610,1723,1725,WN,2801,N647SW,72,75,59,-2,1,BWI,MHT,377,6,7,0,,0,NA,NA,NA,NA,NA2008,1,7,1,1136,1125,1251,1240,WN,3604,N229WN,75,75,60,11,11,BWI,MHT,377,5,10,0,,0,NA,NA,NA,NA,NA2008,1,7,1,2046,2045,2156,2200,WN,3759,N455WN,70,75,58,-4,1,BWI,MHT,377,5,7,0,,0,NA,NA,NA,NA,NA2008,1,7,1,939,940,1114,1135,WN,2101,N222WN,155,175,143,-21,-1,BWI,MSY,998,2,10,0,,0,NA,NA,NA,NA,NA2008,1,7,1,1639,1630,1854,1905,WN,2553,N341SW,195,215,183,-11,9,BWI,OKC,1180,5,7,0,,0,NA,NA,NA,NA,NA2008,1,7,1,1205,1205,1248,1255,WN,48,N625SW,43,50,30,-7,0,BWI,ORF,159,3,10,0,,0,NA,NA,NA,NA,NA2008,1,7,1,2028,2015,2115,2105,WN,879,N441WN,47,50,31,10,13,BWI,ORF,159,6,10,0,,0,NA,NA,NA,NA,NA2008,1,7,1,759,800,840,850,WN,1134,N344SW,41,50,29,-10,-1,BWI,ORF,159,3,9,0,,0,NA,NA,NA,NA,NA2008,1,7,1,1710,1715,1756,1805,WN,1828,N639SW,46,50,33,-9,-5,BWI,ORF,159,3,10,0,,0,NA,NA,NA,NA,NA2008,1,7,1,1554,1520,1641,1610,WN,2019,N604SW,47,50,30,31,34,BWI,ORF,159,4,13,0,,0,31,0,0,0,02008,1,7,1,2028,2030,2236,2300,WN,324,N715SW,128,150,117,-24,-2,BWI,PBI,883,4,7,0,,0,NA,NA,NA,NA,NA2008,1,7,1,1148,1150,1402,1425,WN,733,N380SW,134,155,119,-23,-2,BWI,PBI,883,6,9,0,,0,NA,NA,NA,NA,NA2008,1,7,1,1648,1650,1857,1925,WN,2103,N798SW,129,155,115,-28,-2,BWI,PBI,883,5,9,0,,0,NA,NA,NA,NA,NA2008,1,7,1,706,705,919,940,WN,3224,N777QC,133,155,120,-21,1,BWI,PBI,883,4,9,0,,0,NA,NA,NA,NA,NA2008,1,7,1,1758,1735,2107,2055,WN,489,N294WN,309,320,289,12,23,BWI,PHX,1999,8,12,0,,0,NA,NA,NA,NA,NA2008,1,7,1,1356,1355,1706,1710,WN,2359,N254WN,310,315,296,-4,1,BWI,PHX,1999,6,8,0,,0,NA,NA,NA,NA,NA2008,1,7,1,1115,1115,1438,1425,WN,2442,N279WN,323,310,309,13,0,BWI,PHX,1999,4,10,0,,0,NA,NA,NA,NA,NA2008,1,7,1,626,625,957,940,WN,3572,N280WN,331,315,318,17,1,BWI,PHX,1999,6,7,0,,0,0,0,17,0,02008,1,7,1,1157,1200,1248,1300,WN,458,N735SA,51,60,36,-12,-3,BWI,PIT,210,6,9,0,,0,NA,NA,NA,NA,NA2008,1,7,1,1850,1850,1943,1950,WN,3505,N485WN,53,60,36,-7,0,BWI,PIT,210,5,12,0,,0,NA,NA,NA,NA,NA2008,1,7,1,657,700,751,800,WN,3833,N408WN,54,60,38,-9,-3,BWI,PIT,210,7,9,0,,0,NA,NA,NA,NA,NA2008,1,7,1,1057,1100,1201,1205,WN,99,N440LV,64,65,53,-4,-3,BWI,PVD,328,4,7,0,,0,NA,NA,NA,NA,NA2008,1,7,1,1528,1530,1632,1640,WN,257,N293,64,70,51,-8,-2,BWI,PVD,328,5,8,0,,0,NA,NA,NA,NA,NA2008,1,7,1,644,645,750,755,WN,267,N448WN,66,70,54,-5,-1,BWI,PVD,328,5,7,0,,0,NA,NA,NA,NA,NA2008,1,7,1,1927,1855,2034,2005,WN,394,N728SW,67,70,50,29,32,BWI,PVD,328,6,11,0,,0,0,0,0,0,292008,1,7,1,1748,1750,1854,1900,WN,406,N351SW,66,70,51,-6,-2,BWI,PVD,328,6,9,0,,0,NA,NA,NA,NA,NA2008,1,7,1,2040,2040,2144,2145,WN,505,N299WN,64,65,55,-1,0,BWI,PVD,328,4,5,0,,0,NA,NA,NA,NA,NA2008,1,7,1,935,930,1039,1040,WN,896,N277WN,64,70,52,-1,5,BWI,PVD,328,5,7,0,,0,NA,NA,NA,NA,NA2008,1,7,1,1657,1640,1811,1750,WN,1947,N321SW,74,70,56,21,17,BWI,PVD,328,4,14,0,,0,17,0,4,0,02008,1,7,1,2135,2140,2238,2245,WN,2014,N732SW,63,65,49,-7,-5,BWI,PVD,328,5,9,0,,0,NA,NA,NA,NA,NA2008,1,7,1,744,745,850,855,WN,2355,N279WN,66,70,53,-5,-1,BWI,PVD,328,4,9,0,,0,NA,NA,NA,NA,NA2008,1,7,1,1323,1325,1427,1430,WN,2621,N421LV,64,65,53,-3,-2,BWI,PVD,328,4,7,0,,0,NA,NA,NA,NA,NA2008,1,7,1,1400,1405,1503,1515,WN,3047,N635SW,63,70,51,-12,-5,BWI,PVD,328,4,8,0,,0,NA,NA,NA,NA,NA2008,1,7,1,1509,1510,1604,1615,WN,182,N376SW,55,65,42,-11,-1,BWI,RDU,255,4,9,0,,0,NA,NA,NA,NA,NA2008,1,7,1,659,700,803,805,WN,430,N446WN,64,65,46,-2,-1,BWI,RDU,255,5,13,0,,0,NA,NA,NA,NA,NA2008,1,7,1,2118,2110,2220,2215,WN,1154,N351SW,62,65,49,5,8,BWI,RDU,255,4,9,0,,0,NA,NA,NA,NA,NA2008,1,7,1,1127,1125,1224,1230,WN,1414,N460WN,57,65,45,-6,2,BWI,RDU,255,4,8,0,,0,NA,NA,NA,NA,NA2008,1,7,1,1656,1700,1756,1805,WN,3046,N652SW,60,65,45,-9,-4,BWI,RDU,255,5,10,0,,0,NA,NA,NA,NA,NA2008,1,7,1,915,915,1010,1020,WN,3499,N467WN,55,65,44,-10,0,BWI,RDU,255,4,7,0,,0,NA,NA,NA,NA,NA2008,1,7,1,905,905,1135,1155,WN,143,N264LV,150,170,132,-20,0,BWI,RSW,919,4,14,0,,0,NA,NA,NA,NA,NA2008,1,7,1,1505,1510,1727,1800,WN,1743,N236WN,142,170,131,-33,-5,BWI,RSW,919,2,9,0,,0,NA,NA,NA,NA,NA2008,1,7,1,1850,1840,2134,2130,WN,1320,N282WN,344,350,330,4,10,BWI,SAN,2295,3,11,0,,0,NA,NA,NA,NA,NA2008,1,7,1,854,845,1142,1135,WN,3679,N247WN,348,350,338,7,9,BWI,SAN,2295,2,8,0,,0,NA,NA,NA,NA,NA2008,1,7,1,1530,1535,1817,1835,WN,572,N741SA,227,240,211,-18,-5,BWI,SAT,1407,3,13,0,,0,NA,NA,NA,NA,NA2008,1,7,1,1053,1055,1337,1400,WN,2266,N674AA,224,245,212,-23,-2,BWI,SAT,1407,3,9,0,,0,NA,NA,NA,NA,NA2008,1,7,1,2014,2010,2151,2200,WN,209,N671SW,97,110,84,-9,4,BWI,SDF,495,4,9,0,,0,NA,NA,NA,NA,NA2008,1,7,1,1613,1615,1746,1805,WN,229,N630WN,93,110,82,-19,-2,BWI,SDF,495,3,8,0,,0,NA,NA,NA,NA,NA2008,1,7,1,627,630,802,815,WN,876,N443WN,95,105,81,-13,-3,BWI,SDF,495,5,9,0,,0,NA,NA,NA,NA,NA2008,1,7,1,859,900,1042,1050,WN,2640,N221WN,103,110,87,-8,-1,BWI,SDF,495,4,12,0,,0,NA,NA,NA,NA,NA2008,1,7,1,1344,1345,1521,1535,WN,2730,N207WN,97,110,83,-14,-1,BWI,SDF,495,6,8,0,,0,NA,NA,NA,NA,NA2008,1,7,1,859,840,1151,1140,WN,3141,N457WN,292,300,278,11,19,BWI,SLC,1864,5,9,0,,0,NA,NA,NA,NA,NA2008,1,7,1,956,1000,1106,1120,WN,354,N448WN,130,140,120,-14,-4,BWI,STL,737,3,7,0,,0,NA,NA,NA,NA,NA2008,1,7,1,1248,1250,1357,1415,WN,983,N277WN,129,145,112,-18,-2,BWI,STL,737,5,12,0,,0,NA,NA,NA,NA,NA2008,1,7,1,1937,1915,2057,2040,WN,1062,N677AA,140,145,125,17,22,BWI,STL,737,3,12,0,,0,17,0,0,0,02008,1,7,1,1554,1550,1711,1715,WN,2007,N396SW,137,145,123,-4,4,BWI,STL,737,3,11,0,,0,NA,NA,NA,NA,NA2008,1,7,1,626,630,738,750,WN,2527,N618WN,132,140,119,-12,-4,BWI,STL,737,4,9,0,,0,NA,NA,NA,NA,NA2008,1,7,1,2010,2010,2225,2245,WN,140,N693SW,135,155,121,-20,0,BWI,TPA,842,5,9,0,,0,NA,NA,NA,NA,NA2008,1,7,1,1244,1250,1451,1520,WN,503,N342SW,127,150,115,-29,-6,BWI,TPA,842,4,8,0,,0,NA,NA,NA,NA,NA2008,1,7,1,1649,1650,1900,1925,WN,1418,N286WN,131,155,115,-25,-1,BWI,TPA,842,4,12,0,,0,NA,NA,NA,NA,NA2008,1,7,1,2055,2100,2303,2330,WN,2210,N603SW,128,150,116,-27,-5,BWI,TPA,842,3,9,0,,0,NA,NA,NA,NA,NA2008,1,7,1,800,800,1018,1030,WN,2872,N652SW,138,150,122,-12,0,BWI,TPA,842,4,12,0,,0,NA,NA,NA,NA,NA2008,1,7,1,648,650,906,920,WN,2962,N364SW,138,150,123,-14,-2,BWI,TPA,842,5,10,0,,0,NA,NA,NA,NA,NA2008,1,7,1,1012,1015,1218,1245,WN,3397,N402WN,126,150,115,-27,-3,BWI,TPA,842,3,8,0,,0,NA,NA,NA,NA,NA2008,1,7,1,700,705,723,745,WN,1137,N694SW,83,100,71,-22,-5,CLE,BNA,448,4,8,0,,0,NA,NA,NA,NA,NA2008,1,7,1,1648,1650,1718,1725,WN,1576,N662SW,90,95,76,-7,-2,CLE,BNA,448,4,10,0,,0,NA,NA,NA,NA,NA2008,1,7,1,859,900,1003,1010,WN,613,N331SW,64,70,54,-7,-1,CLE,BWI,314,3,7,0,,0,NA,NA,NA,NA,NA2008,1,7,1,1711,1710,1813,1825,WN,818,N273WN,62,75,53,-12,1,CLE,BWI,314,2,7,0,,0,NA,NA,NA,NA,NA2008,1,7,1,607,610,708,725,WN,2355,N279WN,61,75,51,-17,-3,CLE,BWI,314,3,7,0,,0,NA,NA,NA,NA,NA2008,1,7,1,1242,1245,1348,1355,WN,3151,N348SW,66,70,55,-7,-3,CLE,BWI,314,3,8,0,,0,NA,NA,NA,NA,NA2008,1,7,1,1410,1410,1542,1555,WN,715,N778SW,272,285,260,-13,0,CLE,LAS,1825,4,8,0,,0,NA,NA,NA,NA,NA2008,1,7,1,1101,1050,1328,1330,WN,387,N201LV,147,160,127,-2,11,CLE,MCO,895,7,13,0,,0,NA,NA,NA,NA,NA2008,1,7,1,1806,1810,2017,2050,WN,698,N452WN,131,160,118,-33,-4,CLE,MCO,895,7,6,0,,0,NA,NA,NA,NA,NA2008,1,7,1,1052,1050,1101,1110,WN,97,N778SW,69,80,57,-9,2,CLE,MDW,307,4,8,0,,0,NA,NA,NA,NA,NA2008,1,7,1,2120,1855,2238,1915,WN,313,N762SW,138,80,121,203,145,CLE,MDW,307,10,7,0,,0,0,142,58,0,32008,1,7,1,1455,1455,1503,1515,WN,433,N259WN,68,80,54,-12,0,CLE,MDW,307,6,8,0,,0,NA,NA,NA,NA,NA2008,1,7,1,1315,1315,1325,1330,WN,1192,N214WN,70,75,54,-5,0,CLE,MDW,307,6,10,0,,0,NA,NA,NA,NA,NA2008,1,7,1,714,630,731,650,WN,1746,N396SW,77,80,64,41,44,CLE,MDW,307,4,9,0,,0,41,0,0,0,02008,1,7,1,828,830,847,850,WN,2630,N420WN,79,80,67,-3,-2,CLE,MDW,307,3,9,0,,0,NA,NA,NA,NA,NA2008,1,7,1,NA,2055,NA,2110,WN,3840,,NA,75,NA,NA,NA,CLE,MDW,307,NA,NA,1,B,0,NA,NA,NA,NA,NA2008,1,7,1,837,840,910,925,WN,831,N348SW,93,105,83,-15,-3,CLE,STL,487,4,6,0,,0,NA,NA,NA,NA,NA2008,1,7,1,1359,1400,1428,1440,WN,2453,N417WN,89,100,78,-12,-1,CLE,STL,487,5,6,0,,0,NA,NA,NA,NA,NA2008,1,7,1,809,805,820,820,WN,614,N786SW,71,75,59,0,4,CMH,BNA,338,5,7,0,,0,NA,NA,NA,NA,NA2008,1,7,1,1553,1555,1603,1610,WN,2557,N413WN,70,75,56,-7,-2,CMH,BNA,338,4,10,0,,0,NA,NA,NA,NA,NA2008,1,7,1,724,725,836,835,WN,143,N264LV,72,70,57,1,-1,CMH,BWI,336,3,12,0,,0,NA,NA,NA,NA,NA2008,1,7,1,1153,1155,1259,1305,WN,222,N643SW,66,70,54,-6,-2,CMH,BWI,336,5,7,0,,0,NA,NA,NA,NA,NA2008,1,7,1,946,950,1048,1100,WN,888,N677AA,62,70,53,-12,-4,CMH,BWI,336,3,6,0,,0,NA,NA,NA,NA,NA2008,1,7,1,1504,1505,1606,1615,WN,2103,N798SW,62,70,52,-9,-1,CMH,BWI,336,4,6,0,,0,NA,NA,NA,NA,NA2008,1,7,1,NA,2000,NA,2110,WN,2474,,NA,70,NA,NA,NA,CMH,BWI,336,NA,NA,1,A,0,NA,NA,NA,NA,NA2008,1,7,1,1813,1815,1943,1950,WN,219,N776WN,270,275,260,-7,-2,CMH,LAS,1772,3,7,0,,0,NA,NA,NA,NA,NA2008,1,7,1,714,715,842,850,WN,3834,N287WN,268,275,258,-8,-1,CMH,LAS,1772,3,7,0,,0,NA,NA,NA,NA,NA2008,1,7,1,656,700,857,910,WN,306,N343SW,121,130,106,-13,-4,CMH,MCO,802,8,7,0,,0,NA,NA,NA,NA,NA2008,1,7,1,1218,1220,1418,1435,WN,1336,N364SW,120,135,108,-17,-2,CMH,MCO,802,6,6,0,,0,NA,NA,NA,NA,NA2008,1,7,1,1558,1605,1806,1820,WN,2107,N755SA,128,135,114,-14,-7,CMH,MCO,802,7,7,0,,0,NA,NA,NA,NA,NA2008,1,7,1,1016,1020,1025,1030,WN,68,N732SW,69,70,55,-5,-4,CMH,MDW,284,5,9,0,,0,NA,NA,NA,NA,NA2008,1,7,1,842,840,856,850,WN,151,N256WN,74,70,57,6,2,CMH,MDW,284,4,13,0,,0,NA,NA,NA,NA,NA2008,1,7,1,613,615,622,625,WN,184,N711HK,69,70,57,-3,-2,CMH,MDW,284,4,8,0,,0,NA,NA,NA,NA,NA2008,1,7,1,741,745,755,755,WN,319,N486WN,74,70,58,0,-4,CMH,MDW,284,5,11,0,,0,NA,NA,NA,NA,NA2008,1,7,1,2157,1920,2310,1930,WN,556,N407WN,133,70,112,220,157,CMH,MDW,284,10,11,0,,0,0,0,220,0,02008,1,7,1,2049,2035,2252,2040,WN,1143,N734SA,183,65,117,132,14,CMH,MDW,284,7,59,0,,0,0,13,118,0,12008,1,7,1,1328,1330,1330,1340,WN,1927,N732SW,62,70,50,-10,-2,CMH,MDW,284,4,8,0,,0,NA,NA,NA,NA,NA2008,1,7,1,1650,1650,1655,1700,WN,3584,N483WN,65,70,53,-5,0,CMH,MDW,284,5,7,0,,0,NA,NA,NA,NA,NA2008,1,7,1,1845,1845,2005,2020,WN,283,N412WN,80,95,68,-15,0,CMH,PHL,405,6,6,0,,0,NA,NA,NA,NA,NA2008,1,7,1,639,640,751,805,WN,2790,N341SW,72,85,59,-14,-1,CMH,PHL,405,7,6,0,,0,NA,NA,NA,NA,NA2008,1,7,1,1509,1515,1631,1650,WN,3493,N298WN,82,95,58,-19,-6,CMH,PHL,405,4,20,0,,0,NA,NA,NA,NA,NA2008,1,7,1,1251,1250,1513,1515,WN,2803,N223WN,262,265,251,-2,1,CMH,PHX,1671,4,7,0,,0,NA,NA,NA,NA,NA2008,1,7,1,1635,1640,1659,1705,WN,725,N794SW,84,85,71,-6,-5,CMH,STL,410,7,6,0,,0,NA,NA,NA,NA,NA2008,1,7,1,839,840,901,905,WN,1245,N787SA,82,85,69,-4,-1,CMH,STL,410,4,9,0,,0,NA,NA,NA,NA,NA2008,1,7,1,1121,1125,1320,1340,WN,748,N483WN,119,135,109,-20,-4,CMH,TPA,829,4,6,0,,0,NA,NA,NA,NA,NA2008,1,7,1,1847,1850,2052,2105,WN,1685,N394SW,125,135,114,-13,-3,CMH,TPA,829,4,7,0,,0,NA,NA,NA,NA,NA2008,1,7,1,625,630,837,850,WN,3138,N609SW,132,140,116,-13,-5,CMH,TPA,829,4,12,0,,0,NA,NA,NA,NA,NA2008,1,7,1,611,615,704,705,WN,6,N511SW,53,50,41,-1,-4,CRP,HOU,187,4,8,0,,0,NA,NA,NA,NA,NA2008,1,7,1,937,940,1026,1030,WN,20,N519SW,49,50,38,-4,-3,CRP,HOU,187,3,8,0,,0,NA,NA,NA,NA,NA2008,1,7,1,1141,1140,1225,1230,WN,28,N324SW,44,50,36,-5,1,CRP,HOU,187,2,6,0,,0,NA,NA,NA,NA,NA2008,1,7,1,1410,1410,1501,1500,WN,38,N511SW,51,50,37,1,0,CRP,HOU,187,8,6,0,,0,NA,NA,NA,NA,NA2008,1,7,1,1738,1740,1824,1830,WN,52,N519SW,46,50,35,-6,-2,CRP,HOU,187,5,6,0,,0,NA,NA,NA,NA,NA2008,1,7,1,1946,1950,2027,2040,WN,60,N763SW,41,50,33,-13,-4,CRP,HOU,187,3,5,0,,0,NA,NA,NA,NA,NA2008,1,7,1,1206,1205,1244,1255,WN,61,N694SW,98,110,91,-11,1,DAL,ABQ,580,2,5,0,,0,NA,NA,NA,NA,NA2008,1,7,1,1044,1045,1135,1135,WN,467,N653SW,111,110,96,0,-1,DAL,ABQ,580,4,11,0,,0,NA,NA,NA,NA,NA2008,1,7,1,1701,1700,1802,1750,WN,574,N661SW,121,110,109,12,1,DAL,ABQ,580,4,8,0,,0,NA,NA,NA,NA,NA2008,1,7,1,804,805,846,855,WN,1002,N292WN,102,110,92,-9,-1,DAL,ABQ,580,4,6,0,,0,NA,NA,NA,NA,NA2008,1,7,1,1353,1350,1439,1440,WN,1135,N346SW,106,110,93,-1,3,DAL,ABQ,580,4,9,0,,0,NA,NA,NA,NA,NA2008,1,7,1,619,620,708,710,WN,1486,N640SW,109,110,97,-2,-1,DAL,ABQ,580,4,8,0,,0,NA,NA,NA,NA,NA2008,1,7,1,1818,1800,1906,1850,WN,2010,N779SW,108,110,94,16,18,DAL,ABQ,580,5,9,0,,0,4,0,0,0,122008,1,7,1,1908,1855,1955,1945,WN,2027,N360SW,107,110,96,10,13,DAL,ABQ,580,3,8,0,,0,NA,NA,NA,NA,NA2008,1,7,1,726,730,814,820,WN,2270,N738CB,108,110,95,-6,-4,DAL,ABQ,580,5,8,0,,0,NA,NA,NA,NA,NA2008,1,7,1,1031,1020,1135,1130,WN,12,N326SW,64,70,52,5,11,DAL,AMA,324,5,7,0,,0,NA,NA,NA,NA,NA2008,1,7,1,1408,1410,1511,1520,WN,510,N400WN,63,70,54,-9,-2,DAL,AMA,324,3,6,0,,0,NA,NA,NA,NA,NA2008,1,7,1,711,655,823,805,WN,525,N680AA,72,70,57,18,16,DAL,AMA,324,3,12,0,,0,16,0,2,0,02008,1,7,1,1734,1705,1837,1815,WN,1417,N510SW,63,70,51,22,29,DAL,AMA,324,5,7,0,,0,22,0,0,0,02008,1,7,1,722,725,829,835,WN,1636,N345SA,67,70,55,-6,-3,DAL,AMA,324,3,9,0,,0,NA,NA,NA,NA,NA2008,1,7,1,1224,1225,1330,1335,WN,2177,N507SW,66,70,55,-5,-1,DAL,AMA,324,4,7,0,,0,NA,NA,NA,NA,NA2008,1,7,1,924,925,1027,1035,WN,2530,N357SW,63,70,53,-8,-1,DAL,AMA,324,4,6,0,,0,NA,NA,NA,NA,NA2008,1,7,1,2116,2050,2227,2200,WN,3409,N611SW,71,70,56,27,26,DAL,AMA,324,3,12,0,,0,0,0,1,0,262008,1,7,1,1322,1325,1411,1415,WN,112,N501SW,49,50,37,-4,-3,DAL,AUS,189,4,8,0,,0,NA,NA,NA,NA,NA2008,1,7,1,1718,1720,1803,1810,WN,373,N501SW,45,50,35,-7,-2,DAL,AUS,189,4,6,0,,0,NA,NA,NA,NA,NA2008,1,7,1,1134,1135,1222,1225,WN,501,N510SW,48,50,34,-3,-1,DAL,AUS,189,3,11,0,,0,NA,NA,NA,NA,NA2008,1,7,1,846,840,932,930,WN,513,N503SW,46,50,35,2,6,DAL,AUS,189,4,7,0,,0,NA,NA,NA,NA,NA2008,1,7,1,1401,1400,1445,1450,WN,700,N331SW,44,50,34,-5,1,DAL,AUS,189,3,7,0,,0,NA,NA,NA,NA,NA2008,1,7,1,740,740,825,830,WN,906,N627SW,45,50,33,-5,0,DAL,AUS,189,4,8,0,,0,NA,NA,NA,NA,NA2008,1,7,1,1929,1935,2014,2025,WN,1312,N511SW,45,50,34,-11,-6,DAL,AUS,189,4,7,0,,0,NA,NA,NA,NA,NA2008,1,7,1,954,955,1046,1045,WN,1751,N680AA,52,50,34,1,-1,DAL,AUS,189,3,15,0,,0,NA,NA,NA,NA,NA2008,1,7,1,1937,1810,2023,1900,WN,1760,N638SW,46,50,35,83,87,DAL,AUS,189,3,8,0,,0,0,0,0,0,832008,1,7,1,649,650,737,740,WN,2443,N357SW,48,50,34,-3,-1,DAL,AUS,189,5,9,0,,0,NA,NA,NA,NA,NA2008,1,7,1,1621,1620,1703,1710,WN,2793,N521SW,42,50,33,-7,1,DAL,AUS,189,3,6,0,,0,NA,NA,NA,NA,NA2008,1,7,1,2031,2005,2116,2055,WN,2969,N631SW,45,50,34,21,26,DAL,AUS,189,5,6,0,,0,5,0,0,0,162008,1,7,1,1520,1520,1609,1610,WN,3595,N520SW,49,50,36,-1,0,DAL,AUS,189,3,10,0,,0,NA,NA,NA,NA,NA2008,1,7,1,1311,1310,1434,1455,WN,102,N359SW,83,105,75,-21,1,DAL,BHM,587,2,6,0,,0,NA,NA,NA,NA,NA2008,1,7,1,706,705,836,850,WN,518,N214WN,90,105,80,-14,1,DAL,BHM,587,2,8,0,,0,NA,NA,NA,NA,NA2008,1,7,1,1652,1650,1814,1830,WN,2382,N795SW,82,100,74,-16,2,DAL,BHM,587,2,6,0,,0,NA,NA,NA,NA,NA2008,1,7,1,1451,1420,1539,1505,WN,28,N675AA,108,105,94,34,31,DAL,ELP,562,4,10,0,,0,3,0,3,0,282008,1,7,1,1951,1950,2035,2035,WN,50,N513SW,104,105,92,0,1,DAL,ELP,562,2,10,0,,0,NA,NA,NA,NA,NA2008,1,7,1,704,705,750,750,WN,502,N338SW,106,105,94,0,-1,DAL,ELP,562,4,8,0,,0,NA,NA,NA,NA,NA2008,1,7,1,1122,1120,1207,1205,WN,2094,N637SW,105,105,92,2,2,DAL,ELP,562,3,10,0,,0,NA,NA,NA,NA,NA2008,1,7,1,1646,1650,1731,1735,WN,2361,N387SW,105,105,94,-4,-4,DAL,ELP,562,4,7,0,,0,NA,NA,NA,NA,NA2008,1,7,1,934,935,1022,1020,WN,3748,N308SA,108,105,92,2,-1,DAL,ELP,562,2,14,0,,0,NA,NA,NA,NA,NA2008,1,7,1,701,700,802,800,WN,1,N519SW,61,60,49,2,1,DAL,HOU,239,4,8,0,,0,NA,NA,NA,NA,NA2008,1,7,1,732,730,836,830,WN,3,N330SW,64,60,53,6,2,DAL,HOU,239,3,8,0,,0,NA,NA,NA,NA,NA2008,1,7,1,800,800,900,900,WN,5,N522SW,60,60,48,0,0,DAL,HOU,239,5,7,0,,0,NA,NA,NA,NA,NA2008,1,7,1,829,830,929,930,WN,7,N498WN,60,60,48,-1,-1,DAL,HOU,239,4,8,0,,0,NA,NA,NA,NA,NA2008,1,7,1,900,900,1002,1000,WN,9,N324SW,62,60,53,2,0,DAL,HOU,239,3,6,0,,0,NA,NA,NA,NA,NA2008,1,7,1,929,930,1036,1030,WN,11,N672SW,67,60,51,6,-1,DAL,HOU,239,5,11,0,,0,NA,NA,NA,NA,NA2008,1,7,1,957,1000,1103,1100,WN,15,N394SW,66,60,54,3,-3,DAL,HOU,239,3,9,0,,0,NA,NA,NA,NA,NA2008,1,7,1,1147,1100,1246,1200,WN,19,N521SW,59,60,48,46,47,DAL,HOU,239,4,7,0,,0,6,0,0,0,402008,1,7,1,1131,1130,1235,1230,WN,21,N511SW,64,60,51,5,1,DAL,HOU,239,4,9,0,,0,NA,NA,NA,NA,NA2008,1,7,1,1200,1200,1301,1300,WN,23,N614SW,61,60,50,1,0,DAL,HOU,239,3,8,0,,0,NA,NA,NA,NA,NA2008,1,7,1,1230,1230,1331,1330,WN,25,N357SW,61,60,50,1,0,DAL,HOU,239,4,7,0,,0,NA,NA,NA,NA,NA2008,1,7,1,1302,1300,1358,1400,WN,27,N512SW,56,60,48,-2,2,DAL,HOU,239,3,5,0,,0,NA,NA,NA,NA,NA2008,1,7,1,1359,1330,1502,1430,WN,29,N366SW,63,60,52,32,29,DAL,HOU,239,3,8,0,,0,11,0,3,0,182008,1,7,1,NA,1400,NA,1500,WN,31,,NA,60,NA,NA,NA,DAL,HOU,239,NA,NA,1,A,0,NA,NA,NA,NA,NA2008,1,7,1,1450,1430,1548,1530,WN,33,N513SW,58,60,48,18,20,DAL,HOU,239,3,7,0,,0,18,0,0,0,02008,1,7,1,1514,1500,1614,1600,WN,35,N519SW,60,60,50,14,14,DAL,HOU,239,4,6,0,,0,NA,NA,NA,NA,NA2008,1,7,1,1530,1530,1630,1630,WN,37,N507SW,60,60,49,0,0,DAL,HOU,239,3,8,0,,0,NA,NA,NA,NA,NA2008,1,7,1,1559,1600,1701,1700,WN,39,N514SW,62,60,52,1,-1,DAL,HOU,239,3,7,0,,0,NA,NA,NA,NA,NA2008,1,7,1,1629,1630,1734,1730,WN,41,N423WN,65,60,54,4,-1,DAL,HOU,239,3,8,0,,0,NA,NA,NA,NA,NA2008,1,7,1,1702,1700,1804,1800,WN,43,N763SW,62,60,49,4,2,DAL,HOU,239,4,9,0,,0,NA,NA,NA,NA,NA2008,1,7,1,1743,1730,1854,1830,WN,45,N339SW,71,60,60,24,13,DAL,HOU,239,4,7,0,,0,5,0,11,0,82008,1,7,1,1801,1800,1905,1900,WN,47,N700GS,64,60,53,5,1,DAL,HOU,239,4,7,0,,0,NA,NA,NA,NA,NA2008,1,7,1,1835,1830,1946,1930,WN,49,N504SW,71,60,60,16,5,DAL,HOU,239,3,8,0,,0,0,0,16,0,02008,1,7,1,1903,1900,2003,2000,WN,51,N355SW,60,60,47,3,3,DAL,HOU,239,4,9,0,,0,NA,NA,NA,NA,NA2008,1,7,1,1937,1930,2041,2030,WN,53,N520SW,64,60,48,11,7,DAL,HOU,239,6,10,0,,0,NA,NA,NA,NA,NA2008,1,7,1,2107,2000,2207,2100,WN,55,N367SW,60,60,51,67,67,DAL,HOU,239,3,6,0,,0,55,0,0,0,122008,1,7,1,2031,2030,2132,2130,WN,57,N741SA,61,60,46,2,1,DAL,HOU,239,5,10,0,,0,NA,NA,NA,NA,NA2008,1,7,1,2122,2100,2221,2200,WN,59,N506SW,59,60,46,21,22,DAL,HOU,239,4,9,0,,0,7,0,0,0,142008,1,7,1,630,630,734,730,WN,201,N424WN,64,60,53,4,0,DAL,HOU,239,3,8,0,,0,NA,NA,NA,NA,NA2008,1,7,1,615,615,716,710,WN,1628,N231WN,61,55,48,6,0,DAL,HOU,239,5,8,0,,0,NA,NA,NA,NA,NA2008,1,7,1,847,845,951,950,WN,6,N511SW,64,65,52,1,2,DAL,LBB,293,3,9,0,,0,NA,NA,NA,NA,NA2008,1,7,1,1215,1215,1319,1320,WN,20,N519SW,64,65,51,-1,0,DAL,LBB,293,3,10,0,,0,NA,NA,NA,NA,NA2008,1,7,1,1515,1515,1617,1620,WN,32,N602SW,62,65,50,-3,0,DAL,LBB,293,2,10,0,,0,NA,NA,NA,NA,NA2008,1,7,1,1650,1650,1749,1755,WN,38,N511SW,59,65,50,-6,0,DAL,LBB,293,3,6,0,,0,NA,NA,NA,NA,NA2008,1,7,1,1845,1845,1945,1950,WN,46,N726SW,60,65,51,-5,0,DAL,LBB,293,3,6,0,,0,NA,NA,NA,NA,NA2008,1,7,1,2043,2045,2150,2150,WN,54,N679AA,67,65,55,0,-2,DAL,LBB,293,4,8,0,,0,NA,NA,NA,NA,NA2008,1,7,1,709,710,814,815,WN,139,N394SW,65,65,52,-1,-1,DAL,LBB,293,2,11,0,,0,NA,NA,NA,NA,NA2008,1,7,1,1024,1025,1125,1130,WN,573,N455WN,61,65,51,-5,-1,DAL,LBB,293,3,7,0,,0,NA,NA,NA,NA,NA2008,1,7,1,915,915,1010,1015,WN,8,N528SW,55,60,42,-5,0,DAL,LIT,296,5,8,0,,0,NA,NA,NA,NA,NA2008,1,7,1,1144,1145,1241,1245,WN,18,N231WN,57,60,45,-4,-1,DAL,LIT,296,4,8,0,,0,NA,NA,NA,NA,NA2008,1,7,1,2120,2115,2216,2215,WN,56,N521SW,56,60,42,1,5,DAL,LIT,296,4,10,0,,0,NA,NA,NA,NA,NA2008,1,7,1,1944,1925,2038,2025,WN,397,N442WN,54,60,42,13,19,DAL,LIT,296,5,7,0,,0,NA,NA,NA,NA,NA2008,1,7,1,1506,1430,1603,1530,WN,438,N629SW,57,60,44,33,36,DAL,LIT,296,4,9,0,,0,14,0,0,0,192008,1,7,1,1709,1655,1804,1755,WN,3168,N503SW,55,60,41,9,14,DAL,LIT,296,4,10,0,,0,NA,NA,NA,NA,NA2008,1,7,1,640,645,734,745,WN,3661,N308SA,54,60,43,-11,-5,DAL,LIT,296,4,7,0,,0,NA,NA,NA,NA,NA2008,1,7,1,742,745,852,855,WN,2,N363SW,70,70,55,-3,-3,DAL,MAF,319,4,11,0,,0,NA,NA,NA,NA,NA2008,1,7,1,953,955,1100,1105,WN,10,N302SW,67,70,57,-5,-2,DAL,MAF,319,2,8,0,,0,NA,NA,NA,NA,NA2008,1,7,1,1320,1315,1426,1425,WN,24,N522SW,66,70,55,1,5,DAL,MAF,319,2,9,0,,0,NA,NA,NA,NA,NA2008,1,7,1,1907,1820,2016,1930,WN,44,N512SW,69,70,58,46,47,DAL,MAF,319,3,8,0,,0,24,0,0,0,222008,1,7,1,1556,1555,1701,1705,WN,317,N685SW,65,70,56,-4,1,DAL,MAF,319,2,7,0,,0,NA,NA,NA,NA,NA2008,1,7,1,1950,1945,2101,2055,WN,2007,N396SW,71,70,58,6,5,DAL,MAF,319,4,9,0,,0,NA,NA,NA,NA,NA2008,1,7,1,818,820,938,945,WN,4,N770SA,80,85,66,-7,-2,DAL,MCI,461,4,10,0,,0,NA,NA,NA,NA,NA2008,1,7,1,1354,1350,1509,1515,WN,26,N727SW,75,85,62,-6,4,DAL,MCI,461,3,10,0,,0,NA,NA,NA,NA,NA2008,1,7,1,1919,1915,2037,2040,WN,48,N625SW,78,85,65,-3,4,DAL,MCI,461,3,10,0,,0,NA,NA,NA,NA,NA2008,1,7,1,641,645,801,810,WN,95,N376SW,80,85,67,-9,-4,DAL,MCI,461,5,8,0,,0,NA,NA,NA,NA,NA2008,1,7,1,1615,1615,1724,1740,WN,154,N747SA,69,85,57,-16,0,DAL,MCI,461,4,8,0,,0,NA,NA,NA,NA,NA2008,1,7,1,1039,1040,1203,1205,WN,914,N363SW,84,85,69,-2,-1,DAL,MCI,461,4,11,0,,0,NA,NA,NA,NA,NA2008,1,7,1,1424,1425,1535,1540,WN,85,N361SW,71,75,60,-5,-1,DAL,MSY,437,3,8,0,,0,NA,NA,NA,NA,NA2008,1,7,1,649,650,800,805,WN,432,N679AA,71,75,61,-5,-1,DAL,MSY,437,3,7,0,,0,NA,NA,NA,NA,NA2008,1,7,1,2033,2015,2143,2130,WN,688,N519SW,70,75,61,13,18,DAL,MSY,437,3,6,0,,0,NA,NA,NA,NA,NA2008,1,7,1,1215,1215,1327,1330,WN,1170,N313SW,72,75,62,-3,0,DAL,MSY,437,2,8,0,,0,NA,NA,NA,NA,NA2008,1,7,1,1021,1025,1131,1140,WN,1194,N654SW,70,75,60,-9,-4,DAL,MSY,437,3,7,0,,0,NA,NA,NA,NA,NA2008,1,7,1,1830,1835,1940,1950,WN,2624,N374SW,70,75,59,-10,-5,DAL,MSY,437,4,7,0,,0,NA,NA,NA,NA,NA2008,1,7,1,749,750,839,840,WN,128,N246LV,50,50,37,-1,-1,DAL,OKC,181,4,9,0,,0,NA,NA,NA,NA,NA2008,1,7,1,1034,1020,1120,1110,WN,130,N349SW,46,50,36,10,14,DAL,OKC,181,3,7,0,,0,NA,NA,NA,NA,NA2008,1,7,1,1507,1510,1547,1600,WN,303,N459WN,40,50,32,-13,-3,DAL,OKC,181,3,5,0,,0,NA,NA,NA,NA,NA2008,1,7,1,1946,1945,2031,2035,WN,460,N501SW,45,50,35,-4,1,DAL,OKC,181,1,9,0,,0,NA,NA,NA,NA,NA2008,1,7,1,1814,1800,1900,1850,WN,900,N306SW,46,50,34,10,14,DAL,OKC,181,3,9,0,,0,NA,NA,NA,NA,NA2008,1,7,1,838,840,936,940,WN,110,N505SW,58,60,48,-4,-2,DAL,SAT,248,3,7,0,,0,NA,NA,NA,NA,NA2008,1,7,1,1931,1935,2028,2035,WN,426,N664WN,57,60,47,-7,-4,DAL,SAT,248,3,7,0,,0,NA,NA,NA,NA,NA2008,1,7,1,709,710,805,810,WN,617,N313SW,56,60,47,-5,-1,DAL,SAT,248,2,7,0,,0,NA,NA,NA,NA,NA2008,1,7,1,1751,1755,1847,1855,WN,1166,N410WN,56,60,48,-8,-4,DAL,SAT,248,3,5,0,,0,NA,NA,NA,NA,NA2008,1,7,1,616,615,714,715,WN,1400,N324SW,58,60,47,-1,1,DAL,SAT,248,2,9,0,,0,NA,NA,NA,NA,NA2008,1,7,1,1135,1120,1230,1220,WN,1609,N610WN,55,60,46,10,15,DAL,SAT,248,2,7,0,,0,NA,NA,NA,NA,NA2008,1,7,1,1515,1520,1612,1620,WN,1679,N369SW,57,60,46,-8,-5,DAL,SAT,248,3,8,0,,0,NA,NA,NA,NA,NA2008,1,7,1,1700,1700,1756,1800,WN,1936,N650SW,56,60,46,-4,0,DAL,SAT,248,2,8,0,,0,NA,NA,NA,NA,NA2008,1,7,1,1605,1605,1659,1705,WN,1940,N360SW,54,60,45,-6,0,DAL,SAT,248,2,7,0,,0,NA,NA,NA,NA,NA2008,1,7,1,1354,1350,1450,1450,WN,2101,N222WN,56,60,47,0,4,DAL,SAT,248,3,6,0,,0,NA,NA,NA,NA,NA2008,1,7,1,2043,2040,2139,2140,WN,2553,N341SW,56,60,48,-1,3,DAL,SAT,248,2,6,0,,0,NA,NA,NA,NA,NA2008,1,7,1,1234,1235,1331,1335,WN,3421,N520SW,57,60,49,-4,-1,DAL,SAT,248,2,6,0,,0,NA,NA,NA,NA,NA2008,1,7,1,910,910,1006,1010,WN,3575,N710SW,56,60,48,-4,0,DAL,SAT,248,2,6,0,,0,NA,NA,NA,NA,NA2008,1,7,1,741,740,841,840,WN,3591,N326SW,60,60,47,1,1,DAL,SAT,248,3,10,0,,0,NA,NA,NA,NA,NA2008,1,7,1,1010,1015,1113,1115,WN,3837,N512SW,63,60,53,-2,-5,DAL,SAT,248,2,8,0,,0,NA,NA,NA,NA,NA2008,1,7,1,1448,1450,1612,1625,WN,30,N672SW,84,95,72,-13,-2,DAL,STL,546,4,8,0,,0,NA,NA,NA,NA,NA2008,1,7,1,951,950,1115,1125,WN,87,N642WN,84,95,71,-10,1,DAL,STL,546,5,8,0,,0,NA,NA,NA,NA,NA2008,1,7,1,1800,1800,1932,1935,WN,141,N602SW,92,95,77,-3,0,DAL,STL,546,3,12,0,,0,NA,NA,NA,NA,NA2008,1,7,1,1124,1130,1251,1305,WN,146,N505SW,87,95,73,-14,-6,DAL,STL,546,3,11,0,,0,NA,NA,NA,NA,NA2008,1,7,1,751,750,915,925,WN,974,N234WN,84,95,69,-10,1,DAL,STL,546,3,12,0,,0,NA,NA,NA,NA,NA2008,1,7,1,1915,1905,2054,2040,WN,1156,N338SW,99,95,84,14,10,DAL,STL,546,3,12,0,,0,NA,NA,NA,NA,NA2008,1,7,1,630,630,749,805,WN,1835,N502SW,79,95,69,-16,0,DAL,STL,546,3,7,0,,0,NA,NA,NA,NA,NA2008,1,7,1,1330,1325,1456,1500,WN,3949,N693SW,86,95,75,-4,5,DAL,STL,546,3,8,0,,0,NA,NA,NA,NA,NA2008,1,7,1,1114,1115,1203,1210,WN,16,N346SW,49,55,40,-7,-1,DAL,TUL,237,3,6,0,,0,NA,NA,NA,NA,NA2008,1,7,1,2149,2105,2241,2200,WN,271,N512SW,52,55,41,41,44,DAL,TUL,237,4,7,0,,0,0,0,0,0,412008,1,7,1,1444,1430,1535,1525,WN,1430,N644SW,51,55,40,10,14,DAL,TUL,237,3,8,0,,0,NA,NA,NA,NA,NA2008,1,7,1,1546,1545,1635,1640,WN,2353,N674AA,49,55,37,-5,1,DAL,TUL,237,3,9,0,,0,NA,NA,NA,NA,NA2008,1,7,1,1859,1900,1946,1955,WN,2880,N521SW,47,55,37,-9,-1,DAL,TUL,237,3,7,0,,0,NA,NA,NA,NA,NA2008,1,7,1,627,630,711,725,WN,3488,N710SW,44,55,36,-14,-3,DAL,TUL,237,3,5,0,,0,NA,NA,NA,NA,NA2008,1,7,1,819,815,915,910,WN,3947,N645SW,56,55,41,5,4,DAL,TUL,237,2,13,0,,0,NA,NA,NA,NA,NA2008,1,7,1,1427,1415,1533,1530,WN,806,N456WN,66,75,53,3,12,DEN,ABQ,349,4,9,0,,0,NA,NA,NA,NA,NA2008,1,7,1,831,830,942,945,WN,1001,N632SW,71,75,56,-3,1,DEN,ABQ,349,6,9,0,,0,NA,NA,NA,NA,NA2008,1,7,1,2025,1910,2135,2025,WN,1944,N234WN,70,75,52,70,75,DEN,ABQ,349,6,12,0,,0,0,0,0,0,702008,1,7,1,1014,1020,1224,1235,WN,85,N361SW,70,75,53,-11,-6,DEN,AMA,358,4,13,0,,0,NA,NA,NA,NA,NA2008,1,7,1,1745,1745,1953,2000,WN,1582,N328SW,68,75,54,-7,0,DEN,AMA,358,4,10,0,,0,NA,NA,NA,NA,NA2008,1,7,1,1346,1345,1647,1645,WN,1856,N783SW,121,120,107,2,1,DEN,AUS,775,4,10,0,,0,NA,NA,NA,NA,NA2008,1,7,1,1602,1555,1921,1920,WN,1262,N676SW,139,145,126,1,7,DEN,BNA,1013,5,8,0,,0,NA,NA,NA,NA,NA2008,1,7,1,1021,1020,1339,1345,WN,1502,N318SW,138,145,123,-6,1,DEN,BNA,1013,4,11,0,,0,NA,NA,NA,NA,NA2008,1,7,1,1348,1345,1856,1900,WN,157,N437WN,188,195,170,-4,3,DEN,BWI,1491,7,11,0,,0,NA,NA,NA,NA,NA2008,1,7,1,1709,1700,2217,2215,WN,494,N444WN,188,195,174,2,9,DEN,BWI,1491,3,11,0,,0,NA,NA,NA,NA,NA2008,1,7,1,847,835,1348,1350,WN,557,N902WN,181,195,168,-2,12,DEN,BWI,1491,4,9,0,,0,NA,NA,NA,NA,NA2008,1,7,1,1208,1205,1529,1525,WN,720,N215WN,141,140,125,4,3,DEN,HOU,883,5,11,0,,0,NA,NA,NA,NA,NA2008,1,7,1,716,715,1045,1035,WN,1227,N767SW,149,140,126,10,1,DEN,HOU,883,5,18,0,,0,NA,NA,NA,NA,NA2008,1,7,1,1938,1925,2252,2245,WN,2907,N646SW,134,140,121,7,13,DEN,HOU,883,3,10,0,,0,NA,NA,NA,NA,NA2008,1,7,1,709,710,800,805,WN,136,N358SW,111,115,93,-5,-1,DEN,LAS,629,5,13,0,,0,NA,NA,NA,NA,NA2008,1,7,1,1158,1155,1256,1255,WN,341,N356SW,118,120,95,1,3,DEN,LAS,629,3,20,0,,0,NA,NA,NA,NA,NA2008,1,7,1,1615,1620,1700,1715,WN,510,N400WN,105,115,91,-15,-5,DEN,LAS,629,7,7,0,,0,NA,NA,NA,NA,NA2008,1,7,1,2018,2010,2104,2105,WN,900,N306SW,106,115,91,-1,8,DEN,LAS,629,4,11,0,,0,NA,NA,NA,NA,NA2008,1,7,1,929,930,1019,1025,WN,1636,N345SA,110,115,93,-6,-1,DEN,LAS,629,4,13,0,,0,NA,NA,NA,NA,NA2008,1,7,1,1843,1845,1933,1940,WN,2367,N767SW,110,115,90,-7,-2,DEN,LAS,629,6,14,0,,0,NA,NA,NA,NA,NA2008,1,7,1,1422,1425,1501,1525,WN,3328,N269WN,99,120,89,-24,-3,DEN,LAS,629,4,6,0,,0,NA,NA,NA,NA,NA2008,1,7,1,1114,1110,1334,1340,WN,515,N901WN,80,90,66,-6,4,DEN,MCI,533,5,9,0,,0,NA,NA,NA,NA,NA2008,1,7,1,602,605,827,840,WN,1488,N419WN,85,95,70,-13,-3,DEN,MCI,533,4,11,0,,0,NA,NA,NA,NA,NA2008,1,7,1,1917,1825,2150,2055,WN,1568,N463WN,93,90,71,55,52,DEN,MCI,533,5,17,0,,0,0,0,3,0,522008,1,7,1,1603,1535,1832,1805,WN,2039,N658SW,89,90,71,27,28,DEN,MCI,533,9,9,0,,0,0,0,0,0,272008,1,7,1,1633,1635,2156,2200,WN,706,N371SW,203,205,190,-4,-2,DEN,MCO,1545,4,9,0,,0,NA,NA,NA,NA,NA2008,1,7,1,841,845,1356,1415,WN,992,N729SW,195,210,183,-19,-4,DEN,MCO,1545,5,7,0,,0,NA,NA,NA,NA,NA2008,1,7,1,624,625,922,945,WN,223,N733SA,118,140,104,-23,-1,DEN,MDW,895,2,12,0,,0,NA,NA,NA,NA,NA2008,1,7,1,1137,1130,1438,1445,WN,255,N480WN,121,135,107,-7,7,DEN,MDW,895,3,11,0,,0,NA,NA,NA,NA,NA2008,1,7,1,815,815,1114,1135,WN,1218,N753SW,119,140,106,-21,0,DEN,MDW,895,5,8,0,,0,NA,NA,NA,NA,NA2008,1,7,1,2030,2035,2338,2345,WN,1585,N258WN,128,130,113,-7,-5,DEN,MDW,895,9,6,0,,0,NA,NA,NA,NA,NA2008,1,7,1,1810,1745,2122,2100,WN,2786,N663SW,132,135,112,22,25,DEN,MDW,895,4,16,0,,0,0,0,0,0,222008,1,7,1,1329,1320,1635,1635,WN,3050,N213WN,126,135,108,0,9,DEN,MDW,895,6,12,0,,0,NA,NA,NA,NA,NA2008,1,7,1,651,650,830,840,WN,96,N605SW,159,170,140,-10,1,DEN,OAK,957,7,12,0,,0,NA,NA,NA,NA,NA2008,1,7,1,1506,1505,1644,1655,WN,689,N464WN,158,170,133,-11,1,DEN,OAK,957,16,9,0,,0,NA,NA,NA,NA,NA2008,1,7,1,945,945,1116,1135,WN,1049,N493WN,151,170,133,-19,0,DEN,OAK,957,7,11,0,,0,NA,NA,NA,NA,NA2008,1,7,1,1805,1805,1939,1955,WN,1063,N284WN,154,170,133,-16,0,DEN,OAK,957,8,13,0,,0,NA,NA,NA,NA,NA2008,1,7,1,2110,2115,2242,2305,WN,2821,N772SW,152,170,135,-23,-5,DEN,OAK,957,5,12,0,,0,NA,NA,NA,NA,NA2008,1,7,1,719,720,945,945,WN,1609,N610WN,86,85,73,0,-1,DEN,OKC,495,3,10,0,,0,NA,NA,NA,NA,NA2008,1,7,1,1535,1405,1803,1630,WN,1760,N638SW,88,85,70,93,90,DEN,OKC,495,4,14,0,,0,8,0,3,0,822008,1,7,1,1243,1140,1444,1335,WN,123,N756SA,121,115,104,69,63,DEN,PHX,602,7,10,0,,0,10,0,6,0,532008,1,7,1,1858,1825,2050,2020,WN,381,N628SW,112,115,94,30,33,DEN,PHX,602,7,11,0,,0,2,0,0,0,282008,1,7,1,635,635,821,835,WN,984,N362SW,106,120,92,-14,0,DEN,PHX,602,5,9,0,,0,NA,NA,NA,NA,NA2008,1,7,1,940,940,1253,1140,WN,1237,N240WN,193,120,114,73,0,DEN,PHX,602,7,72,0,,0,0,0,73,0,02008,1,7,1,1451,1450,1637,1645,WN,2707,N426WN,106,115,93,-8,1,DEN,PHX,602,5,8,0,,0,NA,NA,NA,NA,NA2008,1,7,1,2035,2040,2216,2235,WN,2970,N438WN,101,115,88,-19,-5,DEN,PHX,602,5,8,0,,0,NA,NA,NA,NA,NA2008,1,7,1,1212,1215,1401,1415,WN,454,N509SW,169,180,154,-14,-3,DEN,SEA,1024,4,11,0,,0,NA,NA,NA,NA,NA2008,1,7,1,2024,2005,2213,2205,WN,977,N310SW,169,180,157,8,19,DEN,SEA,1024,3,9,0,,0,NA,NA,NA,NA,NA2008,1,7,1,740,745,922,945,WN,1235,N626SW,162,180,151,-23,-5,DEN,SEA,1024,3,8,0,,0,NA,NA,NA,NA,NA2008,1,7,1,1612,1615,1805,1815,WN,2124,N397SW,173,180,159,-10,-3,DEN,SEA,1024,4,10,0,,0,NA,NA,NA,NA,NA2008,1,7,1,1238,1225,1400,1350,WN,130,N349SW,82,85,62,10,13,DEN,SLC,391,11,9,0,,0,NA,NA,NA,NA,NA2008,1,7,1,631,630,757,815,WN,622,N779SW,86,105,70,-18,1,DEN,SLC,391,6,10,0,,0,NA,NA,NA,NA,NA2008,1,7,1,1632,1625,1745,1750,WN,1852,N743SW,73,85,62,-5,7,DEN,SLC,391,3,8,0,,0,NA,NA,NA,NA,NA2008,1,7,1,911,910,1036,1055,WN,2360,N370SW,85,105,69,-19,1,DEN,SLC,391,7,9,0,,0,NA,NA,NA,NA,NA2008,1,7,1,2048,2050,2211,2215,WN,3331,N492WN,83,85,64,-4,-2,DEN,SLC,391,2,17,0,,0,NA,NA,NA,NA,NA2008,1,7,1,1551,1545,2113,2110,WN,963,N605SW,202,205,185,3,6,DEN,TPA,1506,4,13,0,,0,NA,NA,NA,NA,NA2008,1,7,1,710,710,737,750,WN,260,N389SW,87,100,71,-13,0,DTW,BNA,457,5,11,0,,0,NA,NA,NA,NA,NA2008,1,7,1,1636,1635,1659,1705,WN,570,N515SW,83,90,72,-6,1,DTW,BNA,457,4,7,0,,0,NA,NA,NA,NA,NA2008,1,7,1,1325,1325,1350,1355,WN,3136,N392SW,85,90,73,-5,0,DTW,BNA,457,4,8,0,,0,NA,NA,NA,NA,NA2008,1,7,1,1135,1135,1251,1300,WN,426,N664WN,76,85,65,-9,0,DTW,BWI,408,3,8,0,,0,NA,NA,NA,NA,NA2008,1,7,1,701,655,823,815,WN,3054,N457WN,82,80,65,8,6,DTW,BWI,408,5,12,0,,0,NA,NA,NA,NA,NA2008,1,7,1,1401,1400,1520,1525,WN,3771,N468WN,79,85,62,-5,1,DTW,BWI,408,4,13,0,,0,NA,NA,NA,NA,NA2008,1,7,1,1820,1820,1940,1940,WN,3949,N693SW,80,80,68,0,0,DTW,BWI,408,3,9,0,,0,NA,NA,NA,NA,NA2008,1,7,1,1024,1025,1257,1305,WN,424,N647SW,153,160,137,-8,-1,DTW,MCO,957,6,10,0,,0,NA,NA,NA,NA,NA2008,1,7,1,1608,1605,1841,1845,WN,1515,N241WN,153,160,132,-4,3,DTW,MCO,957,8,13,0,,0,NA,NA,NA,NA,NA2008,1,7,1,651,640,655,645,WN,19,N521SW,64,65,51,10,11,DTW,MDW,229,4,9,0,,0,NA,NA,NA,NA,NA2008,1,7,1,1434,1435,1434,1440,WN,49,N504SW,60,65,48,-6,-1,DTW,MDW,229,4,8,0,,0,NA,NA,NA,NA,NA2008,1,7,1,1712,1715,1719,1725,WN,581,N714CB,67,70,49,-6,-3,DTW,MDW,229,5,13,0,,0,NA,NA,NA,NA,NA2008,1,7,1,954,950,1005,955,WN,640,N383SW,71,65,61,10,4,DTW,MDW,229,4,6,0,,0,NA,NA,NA,NA,NA2008,1,7,1,2150,1930,2216,1940,WN,1023,N701GS,86,70,64,156,140,DTW,MDW,229,4,18,0,,0,0,0,156,0,02008,1,7,1,1224,1225,1237,1230,WN,1654,N639SW,73,65,48,7,-1,DTW,MDW,229,3,22,0,,0,NA,NA,NA,NA,NA2008,1,7,1,835,830,844,840,WN,3413,N762SW,69,70,56,4,5,DTW,MDW,229,4,9,0,,0,NA,NA,NA,NA,NA2008,1,7,1,2316,2050,2332,2055,WN,3491,N385SW,76,65,54,157,146,DTW,MDW,229,4,18,0,,0,2,0,11,0,1442008,1,7,1,1720,1720,1959,1950,WN,3691,N229WN,279,270,261,9,0,DTW,PHX,1671,6,12,0,,0,NA,NA,NA,NA,NA2008,1,7,1,1856,1845,1936,1925,WN,982,N476WN,100,100,83,11,11,DTW,STL,440,4,13,0,,0,NA,NA,NA,NA,NA2008,1,7,1,1204,1205,1233,1245,WN,1679,N369SW,89,100,77,-12,-1,DTW,STL,440,4,8,0,,0,NA,NA,NA,NA,NA2008,1,7,1,626,625,701,705,WN,2358,N651SW,95,100,81,-4,1,DTW,STL,440,3,11,0,,0,NA,NA,NA,NA,NA2008,1,7,1,1802,1805,1857,1900,WN,231,N740SW,55,55,40,-3,-3,ELP,ABQ,223,5,10,0,,0,NA,NA,NA,NA,NA2008,1,7,1,821,825,919,915,WN,2524,N288WN,58,50,40,4,-4,ELP,ABQ,223,7,11,0,,0,NA,NA,NA,NA,NA2008,1,7,1,1341,1340,1431,1435,WN,3481,N462WN,50,55,38,-4,1,ELP,ABQ,223,3,9,0,,0,NA,NA,NA,NA,NA2008,1,7,1,1640,1635,1900,1900,WN,330,N499WN,80,85,68,0,5,ELP,AUS,528,4,8,0,,0,NA,NA,NA,NA,NA2008,1,7,1,1121,1120,1340,1345,WN,1001,N632SW,79,85,65,-5,1,ELP,AUS,528,3,11,0,,0,NA,NA,NA,NA,NA2008,1,7,1,2056,2045,2317,2310,WN,1671,N302SW,81,85,66,7,11,ELP,AUS,528,4,11,0,,0,NA,NA,NA,NA,NA2008,1,7,1,634,635,852,900,WN,3489,N684WN,78,85,68,-8,-1,ELP,AUS,528,3,7,0,,0,NA,NA,NA,NA,NA2008,1,7,1,901,905,1127,1135,WN,23,N614SW,86,90,73,-8,-4,ELP,DAL,562,3,10,0,,0,NA,NA,NA,NA,NA2008,1,7,1,1108,1110,1330,1340,WN,31,N727SW,82,90,71,-10,-2,ELP,DAL,562,3,8,0,,0,NA,NA,NA,NA,NA2008,1,7,1,1635,1610,1858,1840,WN,1156,N338SW,83,90,71,18,25,ELP,DAL,562,3,9,0,,0,0,0,0,0,182008,1,7,1,2004,2005,2234,2235,WN,2192,N332SW,90,90,77,-1,-1,ELP,DAL,562,4,9,0,,0,NA,NA,NA,NA,NA2008,1,7,1,1259,1300,1531,1530,WN,2635,N685SW,92,90,76,1,-1,ELP,DAL,562,3,13,0,,0,NA,NA,NA,NA,NA2008,1,7,1,721,720,953,950,WN,3750,N512SW,92,90,81,3,1,ELP,DAL,562,3,8,0,,0,NA,NA,NA,NA,NA2008,1,7,1,1800,1710,2036,1955,WN,894,N648SW,96,105,83,41,50,ELP,HOU,677,4,9,0,,0,0,0,3,0,382008,1,7,1,610,615,853,900,WN,1188,N450WN,103,105,88,-7,-5,ELP,HOU,677,4,11,0,,0,NA,NA,NA,NA,NA2008,1,7,1,1335,1340,1617,1625,WN,2280,N648SW,102,105,92,-8,-5,ELP,HOU,677,3,7,0,,0,NA,NA,NA,NA,NA2008,1,7,1,1642,1625,1731,1715,WN,391,N723SW,109,110,95,16,17,ELP,LAS,584,6,8,0,,0,0,0,0,0,162008,1,7,1,827,830,917,920,WN,1037,N775SW,110,110,93,-3,-3,ELP,LAS,584,10,7,0,,0,NA,NA,NA,NA,NA2008,1,7,1,1218,1200,1333,1310,WN,511,N752SW,135,130,113,23,18,ELP,LAX,714,12,10,0,,0,1,0,5,0,172008,1,7,1,1830,1825,1939,1935,WN,1414,N460WN,129,130,109,4,5,ELP,LAX,714,8,12,0,,0,NA,NA,NA,NA,NA2008,1,7,1,822,825,942,935,WN,2969,N631SW,140,130,119,7,-3,ELP,LAX,714,6,15,0,,0,NA,NA,NA,NA,NA2008,1,7,1,1849,1850,2037,2045,WN,1745,N225WN,48,55,38,-8,-1,ELP,LBB,295,2,8,0,,0,NA,NA,NA,NA,NA2008,1,7,1,1602,1525,1716,1640,WN,28,N675AA,74,75,60,36,37,ELP,PHX,347,5,9,0,,0,3,0,0,0,332008,1,7,1,2056,2100,2207,2215,WN,50,N513SW,71,75,60,-8,-4,ELP,PHX,347,3,8,0,,0,NA,NA,NA,NA,NA2008,1,7,1,806,810,950,930,WN,502,N338SW,104,80,84,20,-4,ELP,PHX,347,8,12,0,,0,0,0,20,0,02008,1,7,1,645,645,803,800,WN,619,N378SW,78,75,63,3,0,ELP,PHX,347,6,9,0,,0,NA,NA,NA,NA,NA2008,1,7,1,1040,935,1206,1055,WN,1028,N255WN,86,80,68,71,65,ELP,PHX,347,7,11,0,,0,0,65,6,0,02008,1,7,1,1246,1230,1446,1345,WN,2094,N637SW,120,75,107,61,16,ELP,PHX,347,5,8,0,,0,0,0,59,0,22008,1,7,1,1750,1755,1909,1910,WN,2361,N387SW,79,75,62,-1,-5,ELP,PHX,347,4,13,0,,0,NA,NA,NA,NA,NA2008,1,7,1,1040,1040,1140,1130,WN,3748,N308SA,120,110,104,10,0,ELP,SAN,636,3,13,0,,0,NA,NA,NA,NA,NA2008,1,7,1,1520,1435,1736,1655,WN,116,N617SW,76,80,63,41,45,ELP,SAT,496,2,11,0,,0,0,0,0,0,412008,1,7,1,727,730,939,950,WN,348,N634SW,72,80,64,-11,-3,ELP,SAT,496,2,6,0,,0,NA,NA,NA,NA,NA2008,1,7,1,1839,1845,2106,2100,WN,500,N403WN,87,75,67,6,-6,ELP,SAT,496,3,17,0,,0,NA,NA,NA,NA,NA2008,1,7,1,1202,1145,1414,1405,WN,3419,N734SA,72,80,61,9,17,ELP,SAT,496,3,8,0,,0,NA,NA,NA,NA,NA2008,1,7,1,713,710,830,830,WN,48,N625SW,137,140,112,0,3,FLL,BNA,793,4,21,0,,0,NA,NA,NA,NA,NA2008,1,7,1,1413,1410,1531,1530,WN,2380,N203WN,138,140,110,1,3,FLL,BNA,793,4,24,0,,0,NA,NA,NA,NA,NA2008,1,7,1,1313,1315,1602,1550,WN,219,N776WN,169,155,124,12,-2,FLL,BWI,925,5,40,0,,0,NA,NA,NA,NA,NA2008,1,7,1,1720,1650,1955,1920,WN,523,N379SW,155,150,125,35,30,FLL,BWI,925,5,25,0,,0,30,0,5,0,02008,1,7,1,1032,1025,1258,1300,WN,1570,N321SW,146,155,127,-2,7,FLL,BWI,925,2,17,0,,0,NA,NA,NA,NA,NA2008,1,7,1,644,640,900,910,WN,1750,N422WN,136,150,122,-10,4,FLL,BWI,925,4,10,0,,0,NA,NA,NA,NA,NA2008,1,7,1,2101,2100,2335,2330,WN,3313,N330SW,154,150,126,5,1,FLL,BWI,925,4,24,0,,0,NA,NA,NA,NA,NA2008,1,7,1,1459,1500,1641,1700,WN,46,N726SW,162,180,133,-19,-1,FLL,HOU,957,5,24,0,,0,NA,NA,NA,NA,NA2008,1,7,1,708,705,843,905,WN,2011,N285WN,155,180,138,-22,3,FLL,HOU,957,5,12,0,,0,NA,NA,NA,NA,NA2008,1,7,1,1631,1635,1921,1925,WN,275,N230WN,170,170,149,-4,-4,FLL,ISP,1093,3,18,0,,0,NA,NA,NA,NA,NA2008,1,7,1,951,950,1233,1235,WN,1310,N765SW,162,165,146,-2,1,FLL,ISP,1093,3,13,0,,0,NA,NA,NA,NA,NA2008,1,7,1,1240,1240,1539,1525,WN,3393,N758SW,179,165,149,14,0,FLL,ISP,1093,4,26,0,,0,NA,NA,NA,NA,NA2008,1,7,1,620,620,732,730,WN,2272,N254WN,72,70,52,2,0,FLL,JAX,318,7,13,0,,0,NA,NA,NA,NA,NA2008,1,7,1,1350,1350,1508,1505,WN,2804,N420WN,78,75,52,3,0,FLL,JAX,318,4,22,0,,0,NA,NA,NA,NA,NA2008,1,7,1,1041,1040,1149,1155,WN,3225,N609SW,68,75,50,-6,1,FLL,JAX,318,4,14,0,,0,NA,NA,NA,NA,NA2008,1,7,1,1729,1735,1851,1850,WN,3428,N465WN,82,75,48,1,-6,FLL,JAX,318,7,27,0,,0,NA,NA,NA,NA,NA2008,1,7,1,748,745,858,855,WN,3430,N495WN,70,70,52,3,3,FLL,JAX,318,7,11,0,,0,NA,NA,NA,NA,NA2008,1,7,1,2040,2040,2149,2150,WN,3514,N257WN,69,70,52,-1,0,FLL,JAX,318,5,12,0,,0,NA,NA,NA,NA,NA2008,1,7,1,1908,1905,2008,2005,WN,121,N224WN,60,60,36,3,3,FLL,MCO,178,6,18,0,,0,NA,NA,NA,NA,NA2008,1,7,1,1515,1515,1606,1615,WN,365,N654SW,51,60,31,-9,0,FLL,MCO,178,4,16,0,,0,NA,NA,NA,NA,NA2008,1,7,1,828,820,923,915,WN,590,N233LV,55,55,36,8,8,FLL,MCO,178,5,14,0,,0,NA,NA,NA,NA,NA2008,1,7,1,1346,1300,1446,1400,WN,718,N263WN,60,60,36,46,46,FLL,MCO,178,9,15,0,,0,44,0,0,0,22008,1,7,1,601,600,656,655,WN,2620,N426WN,55,55,31,1,1,FLL,MCO,178,7,17,0,,0,NA,NA,NA,NA,NA2008,1,7,1,1135,1135,1230,1235,WN,3075,N769SW,55,60,35,-5,0,FLL,MCO,178,5,15,0,,0,NA,NA,NA,NA,NA2008,1,7,1,740,740,949,950,WN,183,N700GS,189,190,170,-1,0,FLL,MDW,1166,3,16,0,,0,NA,NA,NA,NA,NA2008,1,7,1,2023,2015,2255,2220,WN,485,N624SW,212,185,192,35,8,FLL,MDW,1166,7,13,0,,0,8,0,27,0,02008,1,7,1,1644,1645,NA,1900,WN,727,N383SW,NA,195,NA,NA,-1,FLL,MDW,1166,NA,10,0,,1,NA,NA,NA,NA,NA2008,1,7,1,1115,1120,1312,1335,WN,1220,N782SA,177,195,161,-23,-5,FLL,MDW,1166,4,12,0,,0,NA,NA,NA,NA,NA2008,1,7,1,1312,1310,1531,1525,WN,3832,N261WN,199,195,161,6,2,FLL,MDW,1166,3,35,0,,0,NA,NA,NA,NA,NA2008,1,7,1,1106,1100,1201,1205,WN,169,N550WN,115,125,99,-4,6,FLL,MSY,673,3,13,0,,0,NA,NA,NA,NA,NA2008,1,7,1,1152,1145,1434,1440,WN,434,N389SW,162,175,140,-6,7,FLL,PHL,992,3,19,0,,0,NA,NA,NA,NA,NA2008,1,7,1,730,730,1013,1015,WN,967,N602SW,163,165,136,-2,0,FLL,PHL,992,13,14,0,,0,NA,NA,NA,NA,NA2008,1,7,1,1900,1905,2139,2150,WN,3223,N392SW,159,165,134,-11,-5,FLL,PHL,992,5,20,0,,0,NA,NA,NA,NA,NA2008,1,7,1,1629,1600,1926,1900,WN,1055,N643SW,177,180,158,26,29,FLL,PVD,1188,5,14,0,,0,26,0,0,0,02008,1,7,1,1815,1810,1959,2010,WN,2889,N467WN,164,180,144,-11,5,FLL,STL,1056,4,16,0,,0,NA,NA,NA,NA,NA2008,1,7,1,1604,1540,1701,1640,WN,549,N399WN,57,60,39,21,24,FLL,TPA,197,3,15,0,,0,0,0,0,0,212008,1,7,1,2129,2130,2220,2230,WN,886,N329SW,51,60,35,-10,-1,FLL,TPA,197,5,11,0,,0,NA,NA,NA,NA,NA2008,1,7,1,839,840,935,940,WN,1236,N379SW,56,60,36,-5,-1,FLL,TPA,197,3,17,0,,0,NA,NA,NA,NA,NA2008,1,7,1,615,615,722,710,WN,1402,N662SW,67,55,49,12,0,FLL,TPA,197,5,13,0,,0,NA,NA,NA,NA,NA2008,1,7,1,1218,1220,1321,1325,WN,1936,N650SW,63,65,38,-4,-2,FLL,TPA,197,4,21,0,,0,NA,NA,NA,NA,NA2008,1,7,1,1010,1010,1102,1110,WN,2362,N737JW,52,60,37,-8,0,FLL,TPA,197,4,11,0,,0,NA,NA,NA,NA,NA2008,1,7,1,732,730,824,825,WN,3229,N724SW,52,55,34,-1,2,FLL,TPA,197,4,14,0,,0,NA,NA,NA,NA,NA2008,1,7,1,1404,1400,1511,1500,WN,3399,N609SW,67,60,39,11,4,FLL,TPA,197,4,24,0,,0,NA,NA,NA,NA,NA2008,1,7,1,1857,1830,1951,1930,WN,3596,N454WN,54,60,33,21,27,FLL,TPA,197,4,17,0,,0,0,0,0,0,212008,1,7,1,953,645,1209,845,WN,1006,N347SW,76,60,43,204,188,GEG,BOI,287,3,30,0,,0,188,0,16,0,02008,1,7,1,1054,1050,1254,1250,WN,1027,N206WN,60,60,40,4,4,GEG,BOI,287,2,18,0,,0,NA,NA,NA,NA,NA2008,1,7,1,1726,1645,1929,1845,WN,1403,N382SW,63,60,39,44,41,GEG,BOI,287,4,20,0,,0,0,0,3,0,412008,1,7,1,1801,1800,1958,2020,WN,1682,N270WN,117,140,101,-22,1,GEG,LAS,806,6,10,0,,0,NA,NA,NA,NA,NA2008,1,7,1,1229,1200,1438,1420,WN,2726,N742SW,129,140,104,18,29,GEG,LAS,806,6,19,0,,0,3,0,0,0,152008,1,7,1,713,715,926,925,WN,1022,N439WN,133,130,100,1,-2,GEG,OAK,723,6,27,0,,0,NA,NA,NA,NA,NA2008,1,7,1,1419,1420,1628,1630,WN,2208,N386SW,129,130,105,-2,-1,GEG,OAK,723,8,16,0,,0,NA,NA,NA,NA,NA2008,1,7,1,657,700,803,810,WN,505,N227WN,66,70,49,-7,-3,GEG,PDX,279,4,13,0,,0,NA,NA,NA,NA,NA2008,1,7,1,1015,1005,1129,1110,WN,2558,N335SW,74,65,51,19,10,GEG,PDX,279,3,20,0,,0,0,4,9,0,62008,1,7,1,1928,1915,2032,2025,WN,2890,N223WN,64,70,50,7,13,GEG,PDX,279,6,8,0,,0,NA,NA,NA,NA,NA2008,1,7,1,1406,1345,1506,1450,WN,3659,N345SA,60,65,49,16,21,GEG,PDX,279,3,8,0,,0,0,5,0,0,112008,1,7,1,1128,940,1242,1040,WN,73,N336SW,74,60,44,122,108,GEG,SEA,224,8,22,0,,0,0,97,14,0,112008,1,7,1,630,630,729,730,WN,98,N315SW,59,60,41,-1,0,GEG,SEA,224,4,14,0,,0,NA,NA,NA,NA,NA2008,1,7,1,1335,1330,1437,1430,WN,151,N457WN,62,60,48,7,5,GEG,SEA,224,5,9,0,,0,NA,NA,NA,NA,NA2008,1,7,1,1706,1705,1802,1805,WN,3589,N333SW,56,60,44,-3,1,GEG,SEA,224,3,9,0,,0,NA,NA,NA,NA,NA2008,1,7,1,1354,1330,1619,1605,WN,337,N268WN,85,95,68,14,24,GEG,SLC,546,5,12,0,,0,NA,NA,NA,NA,NA2008,1,7,1,1909,1910,2020,2025,WN,823,N484WN,131,135,120,-5,-1,HOU,ABQ,759,4,7,0,,0,NA,NA,NA,NA,NA2008,1,7,1,1350,1345,1453,1500,WN,901,N655WN,123,135,114,-7,5,HOU,ABQ,759,3,6,0,,0,NA,NA,NA,NA,NA2008,1,7,1,736,735,841,850,WN,957,N382SW,125,135,116,-9,1,HOU,ABQ,759,3,6,0,,0,NA,NA,NA,NA,NA2008,1,7,1,1546,1550,1630,1635,WN,231,N740SW,44,45,32,-5,-4,HOU,AUS,148,6,6,0,,0,NA,NA,NA,NA,NA2008,1,7,1,2220,2105,2305,2150,WN,570,N604SW,45,45,34,75,75,HOU,AUS,148,5,6,0,,0,0,0,0,0,752008,1,7,1,634,635,719,720,WN,1028,N255WN,45,45,31,-1,-1,HOU,AUS,148,6,8,0,,0,NA,NA,NA,NA,NA2008,1,7,1,1328,1330,1409,1415,WN,2124,N397SW,41,45,28,-6,-2,HOU,AUS,148,5,8,0,,0,NA,NA,NA,NA,NA2008,1,7,1,1850,1850,1932,1935,WN,2183,N502SW,42,45,31,-3,0,HOU,AUS,148,5,6,0,,0,NA,NA,NA,NA,NA2008,1,7,1,1003,1000,1044,1045,WN,2358,N651SW,41,45,28,-1,3,HOU,AUS,148,5,8,0,,0,NA,NA,NA,NA,NA2008,1,7,1,805,805,850,850,WN,3502,N333SW,45,45,33,0,0,HOU,AUS,148,3,9,0,,0,NA,NA,NA,NA,NA2008,1,7,1,1724,1645,1848,1820,WN,342,N488WN,84,95,71,28,39,HOU,BHM,570,3,10,0,,0,0,0,0,0,282008,1,7,1,922,925,1049,1055,WN,1188,N450WN,87,90,76,-6,-3,HOU,BHM,570,3,8,0,,0,NA,NA,NA,NA,NA2008,1,7,1,1720,1725,1903,1910,WN,39,N514SW,103,105,85,-7,-5,HOU,BNA,670,4,14,0,,0,NA,NA,NA,NA,NA2008,1,7,1,2006,1950,2146,2135,WN,49,N504SW,100,105,88,11,16,HOU,BNA,670,5,7,0,,0,NA,NA,NA,NA,NA2008,1,7,1,641,645,816,830,WN,144,N405WN,95,105,82,-14,-4,HOU,BNA,670,4,9,0,,0,NA,NA,NA,NA,NA2008,1,7,1,1009,955,1142,1140,WN,1392,N479WN,93,105,83,2,14,HOU,BNA,670,4,6,0,,0,NA,NA,NA,NA,NA2008,1,7,1,1355,1355,1528,1540,WN,2096,N502SW,93,105,83,-12,0,HOU,BNA,670,4,6,0,,0,NA,NA,NA,NA,NA2008,1,7,1,955,1000,1331,1350,WN,7,N498WN,156,170,144,-19,-5,HOU,BWI,1246,4,8,0,,0,NA,NA,NA,NA,NA2008,1,7,1,649,650,1024,1035,WN,99,N440LV,155,165,146,-11,-1,HOU,BWI,1246,3,6,0,,0,NA,NA,NA,NA,NA2008,1,7,1,1724,1725,2106,2115,WN,2014,N732SW,162,170,143,-9,-1,HOU,BWI,1246,7,12,0,,0,NA,NA,NA,NA,NA2008,1,7,1,1953,1950,2326,2340,WN,3408,N469WN,153,170,139,-14,3,HOU,BWI,1246,4,10,0,,0,NA,NA,NA,NA,NA2008,1,7,1,822,825,909,915,WN,1,N519SW,47,50,35,-6,-3,HOU,CRP,187,3,9,0,,0,NA,NA,NA,NA,NA2008,1,7,1,1031,1025,1117,1115,WN,9,N324SW,46,50,35,2,6,HOU,CRP,187,3,8,0,,0,NA,NA,NA,NA,NA2008,1,7,1,1254,1255,1336,1345,WN,21,N511SW,42,50,33,-9,-1,HOU,CRP,187,3,6,0,,0,NA,NA,NA,NA,NA2008,1,7,1,1632,1625,1715,1715,WN,35,N519SW,43,50,34,0,7,HOU,CRP,187,2,7,0,,0,NA,NA,NA,NA,NA2008,1,7,1,1828,1825,1911,1915,WN,43,N763SW,43,50,34,-4,3,HOU,CRP,187,3,6,0,,0,NA,NA,NA,NA,NA2008,1,7,1,2055,2055,2143,2145,WN,53,N520SW,48,50,37,-2,0,HOU,CRP,187,4,7,0,,0,NA,NA,NA,NA,NA2008,1,7,1,628,630,721,725,WN,2,N363SW,53,55,40,-4,-2,HOU,DAL,239,3,10,0,,0,NA,NA,NA,NA,NA2008,1,7,1,657,700,747,755,WN,4,N770SA,50,55,39,-8,-3,HOU,DAL,239,4,7,0,,0,NA,NA,NA,NA,NA2008,1,7,1,729,730,824,825,WN,6,N511SW,55,55,44,-1,-1,HOU,DAL,239,3,8,0,,0,NA,NA,NA,NA,NA2008,1,7,1,759,800,848,855,WN,8,N528SW,49,55,42,-7,-1,HOU,DAL,239,2,5,0,,0,NA,NA,NA,NA,NA2008,1,7,1,828,830,919,925,WN,10,N302SW,51,55,41,-6,-2,HOU,DAL,239,4,6,0,,0,NA,NA,NA,NA,NA2008,1,7,1,858,900,950,955,WN,12,N349SW,52,55,41,-5,-2,HOU,DAL,239,3,8,0,,0,NA,NA,NA,NA,NA2008,1,7,1,957,1000,1047,1055,WN,16,N346SW,50,55,41,-8,-3,HOU,DAL,239,2,7,0,,0,NA,NA,NA,NA,NA2008,1,7,1,1028,1030,1117,1125,WN,18,N231WN,49,55,39,-8,-2,HOU,DAL,239,4,6,0,,0,NA,NA,NA,NA,NA2008,1,7,1,1057,1100,1149,1155,WN,20,N519SW,52,55,39,-6,-3,HOU,DAL,239,4,9,0,,0,NA,NA,NA,NA,NA2008,1,7,1,1213,1200,1301,1255,WN,24,N522SW,48,55,38,6,13,HOU,DAL,239,4,6,0,,0,NA,NA,NA,NA,NA2008,1,7,1,NA,1230,NA,1325,WN,26,,NA,55,NA,NA,NA,HOU,DAL,239,NA,NA,1,A,0,NA,NA,NA,NA,NA2008,1,7,1,1334,1300,1423,1355,WN,28,N675AA,49,55,39,28,34,HOU,DAL,239,3,7,0,,0,28,0,0,0,02008,1,7,1,1331,1330,1423,1425,WN,30,N672SW,52,55,40,-2,1,HOU,DAL,239,5,7,0,,0,NA,NA,NA,NA,NA2008,1,7,1,1402,1400,1453,1455,WN,32,N602SW,51,55,42,-2,2,HOU,DAL,239,3,6,0,,0,NA,NA,NA,NA,NA2008,1,7,1,1441,1430,1530,1525,WN,34,N514SW,49,55,40,5,11,HOU,DAL,239,3,6,0,,0,NA,NA,NA,NA,NA2008,1,7,1,1519,1500,1606,1555,WN,36,N521SW,47,55,37,11,19,HOU,DAL,239,2,8,0,,0,NA,NA,NA,NA,NA2008,1,7,1,1531,1530,1625,1625,WN,38,N511SW,54,55,40,0,1,HOU,DAL,239,2,12,0,,0,NA,NA,NA,NA,NA2008,1,7,1,1600,1600,1650,1655,WN,40,N501SW,50,55,39,-5,0,HOU,DAL,239,4,7,0,,0,NA,NA,NA,NA,NA2008,1,7,1,1629,1630,1720,1725,WN,42,N700GS,51,55,40,-5,-1,HOU,DAL,239,4,7,0,,0,NA,NA,NA,NA,NA2008,1,7,1,1722,1700,1817,1755,WN,44,N512SW,55,55,40,22,22,HOU,DAL,239,4,11,0,,0,15,0,0,0,72008,1,7,1,1728,1730,1820,1825,WN,46,N726SW,52,55,38,-5,-2,HOU,DAL,239,4,10,0,,0,NA,NA,NA,NA,NA2008,1,7,1,1802,1800,1852,1855,WN,48,N625SW,50,55,40,-3,2,HOU,DAL,239,3,7,0,,0,NA,NA,NA,NA,NA2008,1,7,1,1830,1830,1923,1925,WN,50,N513SW,53,55,41,-2,0,HOU,DAL,239,6,6,0,,0,NA,NA,NA,NA,NA2008,1,7,1,1857,1900,1946,1955,WN,52,N519SW,49,55,40,-9,-3,HOU,DAL,239,3,6,0,,0,NA,NA,NA,NA,NA2008,1,7,1,1928,1930,2023,2025,WN,54,N679AA,55,55,42,-2,-2,HOU,DAL,239,3,10,0,,0,NA,NA,NA,NA,NA2008,1,7,1,2003,2000,2053,2055,WN,56,N507SW,50,55,41,-2,3,HOU,DAL,239,3,6,0,,0,NA,NA,NA,NA,NA2008,1,7,1,2026,2030,2115,2125,WN,58,N684WN,49,55,40,-10,-4,HOU,DAL,239,4,5,0,,0,NA,NA,NA,NA,NA2008,1,7,1,2059,2100,2151,2155,WN,60,N763SW,52,55,41,-4,-1,HOU,DAL,239,3,8,0,,0,NA,NA,NA,NA,NA2008,1,7,1,2202,2200,2252,2255,WN,64,N279WN,50,55,42,-3,2,HOU,DAL,239,4,4,0,,0,NA,NA,NA,NA,NA2008,1,7,1,612,615,706,710,WN,1636,N345SA,54,55,42,-4,-3,HOU,DAL,239,4,8,0,,0,NA,NA,NA,NA,NA2008,1,7,1,1309,1310,1416,1440,WN,689,N464WN,127,150,114,-24,-1,HOU,DEN,883,8,5,0,,0,NA,NA,NA,NA,NA2008,1,7,1,713,715,835,845,WN,2360,N370SW,142,150,120,-10,-2,HOU,DEN,883,14,8,0,,0,NA,NA,NA,NA,NA2008,1,7,1,1652,1650,1810,1820,WN,2367,N767SW,138,150,122,-10,2,HOU,DEN,883,7,9,0,,0,NA,NA,NA,NA,NA2008,1,7,1,949,950,1043,1050,WN,195,N727SW,114,120,101,-7,-1,HOU,ELP,677,6,7,0,,0,NA,NA,NA,NA,NA2008,1,7,1,2022,2015,2117,2115,WN,218,N527SW,115,120,103,2,7,HOU,ELP,677,4,8,0,,0,NA,NA,NA,NA,NA2008,1,7,1,1640,1550,1736,1650,WN,807,N648SW,116,120,104,46,50,HOU,ELP,677,3,9,0,,0,42,0,0,0,42008,1,7,1,1707,1655,2009,2020,WN,506,N257WN,122,145,113,-11,12,HOU,FLL,957,4,5,0,,0,NA,NA,NA,NA,NA2008,1,7,1,919,920,1237,1245,WN,1665,N776WN,138,145,125,-8,-1,HOU,FLL,957,5,8,0,,0,NA,NA,NA,NA,NA2008,1,7,1,920,920,1018,1020,WN,5,N522SW,58,60,44,-2,0,HOU,HRL,276,2,12,0,,0,NA,NA,NA,NA,NA2008,1,7,1,1052,1050,1149,1150,WN,11,N672SW,57,60,47,-1,2,HOU,HRL,276,3,7,0,,0,NA,NA,NA,NA,NA2008,1,7,1,1300,1220,1354,1320,WN,19,N521SW,54,60,46,34,40,HOU,HRL,276,2,6,0,,0,0,0,0,0,342008,1,7,1,1419,1420,1514,1520,WN,27,N512SW,55,60,44,-6,-1,HOU,HRL,276,3,8,0,,0,NA,NA,NA,NA,NA2008,1,7,1,1606,1550,1700,1650,WN,33,N513SW,54,60,45,10,16,HOU,HRL,276,1,8,0,,0,NA,NA,NA,NA,NA2008,1,7,1,1702,1700,1754,1800,WN,37,N507SW,52,60,44,-6,2,HOU,HRL,276,2,6,0,,0,NA,NA,NA,NA,NA2008,1,7,1,1927,1925,2022,2025,WN,47,N700GS,55,60,45,-3,2,HOU,HRL,276,2,8,0,,0,NA,NA,NA,NA,NA2008,1,7,1,2220,2120,2316,2215,WN,55,N367SW,56,55,47,61,60,HOU,HRL,276,2,7,0,,0,0,0,1,0,602008,1,7,1,734,735,827,835,WN,1628,N231WN,53,60,46,-8,-1,HOU,HRL,276,2,5,0,,0,NA,NA,NA,NA,NA2008,1,7,1,1748,1715,1848,1825,WN,205,N418WN,60,70,51,23,33,HOU,JAN,359,3,6,0,,0,4,0,0,0,192008,1,7,1,700,705,800,810,WN,534,N497WN,60,65,51,-10,-5,HOU,JAN,359,2,7,0,,0,NA,NA,NA,NA,NA2008,1,7,1,2053,2040,2155,2145,WN,2015,N458WN,62,65,49,10,13,HOU,JAN,359,3,10,0,,0,NA,NA,NA,NA,NA2008,1,7,1,1304,1305,1404,1410,WN,3244,N492WN,60,65,50,-6,-1,HOU,JAN,359,2,8,0,,0,NA,NA,NA,NA,NA2008,1,7,1,1331,1325,1626,1625,WN,23,N614SW,115,120,104,1,6,HOU,JAX,816,5,6,0,,0,NA,NA,NA,NA,NA2008,1,7,1,1542,1540,1657,1705,WN,223,N733SA,195,205,186,-8,2,HOU,LAS,1235,3,6,0,,0,NA,NA,NA,NA,NA2008,1,7,1,1011,1010,1122,1130,WN,237,N270WN,191,200,179,-8,1,HOU,LAS,1235,4,8,0,,0,NA,NA,NA,NA,NA2008,1,7,1,740,740,853,900,WN,1258,N773SA,193,200,182,-7,0,HOU,LAS,1235,4,7,0,,0,NA,NA,NA,NA,NA2008,1,7,1,2013,2015,2130,2135,WN,1950,N432WN,197,200,183,-5,-2,HOU,LAS,1235,6,8,0,,0,NA,NA,NA,NA,NA2008,1,7,1,1310,1255,1445,1435,WN,430,N446WN,215,220,205,10,15,HOU,LAX,1390,4,6,0,,0,NA,NA,NA,NA,NA2008,1,7,1,811,800,948,940,WN,971,N449WN,217,220,200,8,11,HOU,LAX,1390,8,9,0,,0,NA,NA,NA,NA,NA2008,1,7,1,1636,1615,1814,1800,WN,1026,N415WN,218,225,204,14,21,HOU,LAX,1390,8,6,0,,0,NA,NA,NA,NA,NA2008,1,7,1,1826,1825,2000,2010,WN,1113,N783SW,214,225,202,-10,1,HOU,LAX,1390,7,5,0,,0,NA,NA,NA,NA,NA2008,1,7,1,1325,1325,1433,1435,WN,588,N423WN,68,70,54,-2,0,HOU,LIT,393,6,8,0,,0,NA,NA,NA,NA,NA2008,1,7,1,1114,1120,1231,1245,WN,1343,N644SW,77,85,66,-14,-6,HOU,MAF,441,4,7,0,,0,NA,NA,NA,NA,NA2008,1,7,1,2210,2015,2330,2140,WN,3841,N669SW,80,85,69,110,115,HOU,MAF,441,5,6,0,,0,0,0,0,0,1102008,1,7,1,903,855,1211,1205,WN,3,N330SW,128,130,113,6,8,HOU,MCO,848,6,9,0,,0,NA,NA,NA,NA,NA2008,1,7,1,1356,1400,1702,1710,WN,25,N357SW,126,130,112,-8,-4,HOU,MCO,848,6,8,0,,0,NA,NA,NA,NA,NA2008,1,7,1,2036,2020,2331,2325,WN,51,N706SW,115,125,103,6,16,HOU,MCO,848,7,5,0,,0,NA,NA,NA,NA,NA2008,1,7,1,1833,1745,2135,2050,WN,940,N358SW,122,125,108,45,48,HOU,MCO,848,6,8,0,,0,0,0,0,0,452008,1,7,1,621,620,926,930,WN,2621,N421LV,125,130,111,-4,1,HOU,MCO,848,5,9,0,,0,NA,NA,NA,NA,NA2008,1,7,1,1425,1425,1631,1650,WN,519,N523SW,126,145,115,-19,0,HOU,MDW,937,3,8,0,,0,NA,NA,NA,NA,NA2008,1,7,1,2053,2015,2350,2245,WN,894,N648SW,177,150,162,65,38,HOU,MDW,937,3,12,0,,0,0,0,27,0,382008,1,7,1,614,615,816,840,WN,969,N425LV,122,145,110,-24,-1,HOU,MDW,937,4,8,0,,0,NA,NA,NA,NA,NA2008,1,7,1,1736,1730,2004,2000,WN,2174,N324SW,148,150,114,4,6,HOU,MDW,937,26,8,0,,0,NA,NA,NA,NA,NA2008,1,7,1,1239,1215,1447,1440,WN,2445,N651SW,128,145,114,7,24,HOU,MDW,937,5,9,0,,0,NA,NA,NA,NA,NA2008,1,7,1,1027,940,1228,1205,WN,2974,N745SW,121,145,112,23,47,HOU,MDW,937,3,6,0,,0,1,0,0,0,222008,1,7,1,1756,1800,1855,1900,WN,41,N423WN,59,60,47,-5,-4,HOU,MSY,303,4,8,0,,0,NA,NA,NA,NA,NA2008,1,7,1,2120,2120,2211,2215,WN,78,N711HK,51,55,41,-4,0,HOU,MSY,303,3,7,0,,0,NA,NA,NA,NA,NA2008,1,7,1,738,740,836,840,WN,311,N525SW,58,60,45,-4,-2,HOU,MSY,303,3,10,0,,0,NA,NA,NA,NA,NA2008,1,7,1,1031,1005,1125,1105,WN,521,N630WN,54,60,45,20,26,HOU,MSY,303,3,6,0,,0,20,0,0,0,02008,1,7,1,1519,1520,1617,1620,WN,714,N708SA,58,60,48,-3,-1,HOU,MSY,303,3,7,0,,0,NA,NA,NA,NA,NA2008,1,7,1,1116,1115,1212,1215,WN,788,N786SW,56,60,44,-3,1,HOU,MSY,303,3,9,0,,0,NA,NA,NA,NA,NA2008,1,7,1,824,825,920,925,WN,880,N644SW,56,60,46,-5,-1,HOU,MSY,303,4,6,0,,0,NA,NA,NA,NA,NA2008,1,7,1,2014,2015,2110,2110,WN,1257,N505SW,56,55,45,0,-1,HOU,MSY,303,3,8,0,,0,NA,NA,NA,NA,NA2008,1,7,1,636,640,733,740,WN,1317,N707SA,57,60,45,-7,-4,HOU,MSY,303,3,9,0,,0,NA,NA,NA,NA,NA2008,1,7,1,1718,1710,1810,1810,WN,1776,N432WN,52,60,44,0,8,HOU,MSY,303,3,5,0,,0,NA,NA,NA,NA,NA2008,1,7,1,1423,1410,1518,1510,WN,3234,N469WN,55,60,45,8,13,HOU,MSY,303,3,7,0,,0,NA,NA,NA,NA,NA2008,1,7,1,1821,1820,2036,2035,WN,1192,N214WN,255,255,243,1,1,HOU,OAK,1642,7,5,0,,0,NA,NA,NA,NA,NA2008,1,7,1,926,930,1142,1145,WN,2011,N285WN,256,255,242,-3,-4,HOU,OAK,1642,5,9,0,,0,NA,NA,NA,NA,NA2008,1,7,1,1139,1125,1250,1240,WN,877,N486WN,71,75,58,10,14,HOU,OKC,419,4,9,0,,0,NA,NA,NA,NA,NA2008,1,7,1,1312,1315,1422,1430,WN,956,N525SW,70,75,59,-8,-3,HOU,OKC,419,3,8,0,,0,NA,NA,NA,NA,NA2008,1,7,1,1709,1715,1820,1835,WN,1230,N277WN,71,80,59,-15,-6,HOU,OKC,419,3,9,0,,0,NA,NA,NA,NA,NA2008,1,7,1,859,900,1010,1015,WN,1916,N515SW,71,75,63,-5,-1,HOU,OKC,419,3,5,0,,0,NA,NA,NA,NA,NA2008,1,7,1,1557,1520,2002,1930,WN,31,N215WN,185,190,173,32,37,HOU,PHL,1335,6,6,0,,0,32,0,0,0,02008,1,7,1,738,735,1131,1140,WN,476,N768SW,173,185,162,-9,3,HOU,PHL,1335,4,7,0,,0,NA,NA,NA,NA,NA2008,1,7,1,921,920,1128,1115,WN,1481,N463WN,187,175,175,13,1,HOU,PHX,1020,6,6,0,,0,NA,NA,NA,NA,NA2008,1,7,1,1457,1340,1648,1535,WN,1600,N365SW,171,175,158,73,77,HOU,PHX,1020,5,8,0,,0,73,0,0,0,02008,1,7,1,1806,1805,1956,2000,WN,2100,N528SW,170,175,158,-4,1,HOU,PHX,1020,6,6,0,,0,NA,NA,NA,NA,NA2008,1,7,1,2116,2120,2300,2315,WN,3154,N242WN,164,175,150,-15,-4,HOU,PHX,1020,6,8,0,,0,NA,NA,NA,NA,NA2008,1,7,1,654,655,855,850,WN,3230,N506SW,181,175,166,5,-1,HOU,PHX,1020,6,9,0,,0,NA,NA,NA,NA,NA2008,1,7,1,1249,1105,1416,1235,WN,1314,N750SA,207,210,196,101,104,HOU,SAN,1312,3,8,0,,0,91,0,0,0,102008,1,7,1,1245,1245,1340,1340,WN,63,N708SA,55,55,42,0,0,HOU,SAT,192,3,10,0,,0,NA,NA,NA,NA,NA2008,1,7,1,1912,1915,2004,2005,WN,186,N440LV,52,50,39,-1,-3,HOU,SAT,192,3,10,0,,0,NA,NA,NA,NA,NA2008,1,7,1,800,800,851,850,WN,609,N630WN,51,50,40,1,0,HOU,SAT,192,3,8,0,,0,NA,NA,NA,NA,NA2008,1,7,1,842,840,931,930,WN,626,N399WN,49,50,41,1,2,HOU,SAT,192,2,6,0,,0,NA,NA,NA,NA,NA2008,1,7,1,2051,2055,2136,2145,WN,1410,N424WN,45,50,38,-9,-4,HOU,SAT,192,2,5,0,,0,NA,NA,NA,NA,NA2008,1,7,1,1031,1035,1125,1125,WN,2089,N525SW,54,50,45,0,-4,HOU,SAT,192,2,7,0,,0,NA,NA,NA,NA,NA2008,1,7,1,NA,1505,NA,1600,WN,2436,,NA,55,NA,NA,NA,HOU,SAT,192,NA,NA,1,A,0,NA,NA,NA,NA,NA2008,1,7,1,1716,1715,1804,1810,WN,3321,N469WN,48,55,41,-6,1,HOU,SAT,192,2,5,0,,0,NA,NA,NA,NA,NA2008,1,7,1,629,630,811,825,WN,426,N664WN,102,115,88,-14,-1,HOU,STL,687,3,11,0,,0,NA,NA,NA,NA,NA2008,1,7,1,1314,1300,1455,1455,WN,2176,N506SW,101,115,88,0,14,HOU,STL,687,4,9,0,,0,NA,NA,NA,NA,NA2008,1,7,1,1944,1850,2123,2045,WN,3574,N237WN,99,115,89,38,54,HOU,STL,687,3,7,0,,0,34,0,0,0,42008,1,7,1,936,935,1111,1130,WN,3845,N799SW,95,115,87,-19,1,HOU,STL,687,3,5,0,,0,NA,NA,NA,NA,NA2008,1,7,1,1530,1455,1823,1755,WN,29,N366SW,113,120,98,28,35,HOU,TPA,781,3,12,0,,0,2,0,0,0,262008,1,7,1,1911,1855,2204,2155,WN,45,N339SW,113,120,101,9,16,HOU,TPA,781,3,9,0,,0,NA,NA,NA,NA,NA2008,1,7,1,800,755,1050,1055,WN,201,N424WN,110,120,100,-5,5,HOU,TPA,781,5,5,0,,0,NA,NA,NA,NA,NA2008,1,7,1,1119,1105,1414,1405,WN,968,N399WN,115,120,101,9,14,HOU,TPA,781,4,10,0,,0,NA,NA,NA,NA,NA2008,1,7,1,704,705,814,825,WN,308,N669SW,70,80,61,-11,-1,HOU,TUL,453,3,6,0,,0,NA,NA,NA,NA,NA2008,1,7,1,1946,1940,2103,2100,WN,1491,N707SA,77,80,65,3,6,HOU,TUL,453,3,9,0,,0,NA,NA,NA,NA,NA2008,1,7,1,1127,1120,1243,1240,WN,1685,N394SW,76,80,64,3,7,HOU,TUL,453,2,10,0,,0,NA,NA,NA,NA,NA2008,1,7,1,1631,1630,1744,1755,WN,3915,N522SW,73,85,63,-11,1,HOU,TUL,453,3,7,0,,0,NA,NA,NA,NA,NA2008,1,7,1,1414,1415,1511,1515,WN,1417,N510SW,57,60,46,-4,-1,HRL,AUS,273,4,7,0,,0,NA,NA,NA,NA,NA2008,1,7,1,630,630,730,730,WN,8,N528SW,60,60,48,0,0,HRL,HOU,276,5,7,0,,0,NA,NA,NA,NA,NA2008,1,7,1,856,900,952,1000,WN,18,N231WN,56,60,45,-8,-4,HRL,HOU,276,4,7,0,,0,NA,NA,NA,NA,NA2008,1,7,1,1047,1040,1145,1140,WN,24,N522SW,58,60,47,5,7,HRL,HOU,276,3,8,0,,0,NA,NA,NA,NA,NA2008,1,7,1,1209,1210,1307,1310,WN,30,N672SW,58,60,47,-3,-1,HRL,HOU,276,4,7,0,,0,NA,NA,NA,NA,NA2008,1,7,1,1410,1340,1504,1440,WN,36,N521SW,54,60,46,24,30,HRL,HOU,276,2,6,0,,0,0,0,0,0,242008,1,7,1,1539,1540,1647,1640,WN,44,N512SW,68,60,49,7,-1,HRL,HOU,276,4,15,0,,0,NA,NA,NA,NA,NA2008,1,7,1,1713,1710,1814,1810,WN,50,N513SW,61,60,49,4,3,HRL,HOU,276,3,9,0,,0,NA,NA,NA,NA,NA2008,1,7,1,1830,1830,1950,1930,WN,56,N507SW,80,60,56,20,0,HRL,HOU,276,17,7,0,,0,0,0,20,0,02008,1,7,1,2044,2045,2140,2140,WN,64,N700GS,56,55,45,0,-1,HRL,HOU,276,4,7,0,,0,NA,NA,NA,NA,NA2008,1,7,1,935,940,1027,1035,WN,1170,N313SW,52,55,42,-8,-5,HRL,SAT,233,3,7,0,,0,NA,NA,NA,NA,NA2008,1,7,1,1941,1940,2041,2030,WN,2023,N650SW,60,50,42,11,1,HRL,SAT,233,3,15,0,,0,NA,NA,NA,NA,NA2008,1,7,1,812,815,1036,1040,WN,2622,N438WN,324,325,302,-4,-3,IAD,LAS,2066,13,9,0,,0,NA,NA,NA,NA,NA2008,1,7,1,1449,1450,1651,1710,WN,1491,N707SA,122,140,104,-19,-1,IAD,MCO,758,7,11,0,,0,NA,NA,NA,NA,NA2008,1,7,1,939,940,1140,1200,WN,3760,N698SW,121,140,107,-20,-1,IAD,MCO,758,5,9,0,,0,NA,NA,NA,NA,NA2008,1,7,1,1045,1045,1130,1145,WN,470,N671SW,105,120,91,-15,0,IAD,MDW,577,5,9,0,,0,NA,NA,NA,NA,NA2008,1,7,1,635,630,735,725,WN,511,N752SW,120,115,102,10,5,IAD,MDW,577,4,14,0,,0,NA,NA,NA,NA,NA2008,1,7,1,2150,2100,5,2200,WN,999,N366SW,195,120,171,125,50,IAD,MDW,577,8,16,0,,0,0,25,75,0,252008,1,7,1,1715,1720,NA,1820,WN,1394,N782SA,NA,120,NA,NA,-5,IAD,MDW,577,NA,13,0,,1,NA,NA,NA,NA,NA2008,1,7,1,1509,1505,1558,1605,WN,1662,N669SW,109,120,94,-7,4,IAD,MDW,577,4,11,0,,0,NA,NA,NA,NA,NA2008,1,7,1,928,930,1017,1030,WN,2019,N604SW,109,120,94,-13,-2,IAD,MDW,577,5,10,0,,0,NA,NA,NA,NA,NA2008,1,7,1,1951,1955,2159,2225,WN,335,N791SW,128,150,114,-26,-4,IAD,TPA,810,5,9,0,,0,NA,NA,NA,NA,NA2008,1,7,1,737,735,1000,1000,WN,3231,N244WN,143,145,112,0,2,IAD,TPA,810,5,26,0,,0,NA,NA,NA,NA,NA2008,1,7,1,620,620,743,750,WN,448,N754SW,83,90,69,-7,0,IND,BWI,515,7,7,0,,0,NA,NA,NA,NA,NA2008,1,7,1,1000,930,1119,1100,WN,1746,N396SW,79,90,69,19,30,IND,BWI,515,3,7,0,,0,0,0,0,0,192008,1,7,1,1748,1755,1911,1925,WN,3920,N408WN,83,90,69,-14,-7,IND,BWI,515,5,9,0,,0,NA,NA,NA,NA,NA2008,1,7,1,2051,1915,2235,2110,WN,378,N481WN,104,115,91,85,96,IND,JAX,688,4,9,0,,0,0,0,3,0,822008,1,7,1,1826,1830,1929,1940,WN,509,N900WN,243,250,228,-11,-4,IND,LAS,1591,4,11,0,,0,NA,NA,NA,NA,NA2008,1,7,1,1035,1040,1136,1150,WN,535,N754SW,241,250,228,-14,-5,IND,LAS,1591,5,8,0,,0,NA,NA,NA,NA,NA2008,1,7,1,614,615,646,650,WN,11,N672SW,92,95,80,-4,-1,IND,MCI,451,4,8,0,,0,NA,NA,NA,NA,NA2008,1,7,1,1619,1620,1703,1655,WN,810,N683SW,104,95,90,8,-1,IND,MCI,451,6,8,0,,0,NA,NA,NA,NA,NA2008,1,7,1,658,700,908,915,WN,100,N395SW,130,135,114,-7,-2,IND,MCO,828,8,8,0,,0,NA,NA,NA,NA,NA2008,1,7,1,1511,1510,1726,1725,WN,1333,N641SW,135,135,121,1,1,IND,MCO,828,7,7,0,,0,NA,NA,NA,NA,NA2008,1,7,1,1428,1430,1414,1425,WN,829,N739GB,46,55,35,-11,-2,IND,MDW,162,4,7,0,,0,NA,NA,NA,NA,NA2008,1,7,1,713,715,708,710,WN,1016,N705SW,55,55,42,-2,-2,IND,MDW,162,4,9,0,,0,NA,NA,NA,NA,NA2008,1,7,1,2213,1700,2317,1655,WN,1827,N759GS,124,55,75,382,313,IND,MDW,162,10,39,0,,0,0,233,69,0,802008,1,7,1,1016,1020,1013,1010,WN,2272,N254WN,57,50,46,3,-4,IND,MDW,162,5,6,0,,0,NA,NA,NA,NA,NA2008,1,7,1,1432,1425,1634,1625,WN,675,N497WN,242,240,223,9,7,IND,PHX,1489,6,13,0,,0,NA,NA,NA,NA,NA2008,1,7,1,741,745,1000,955,WN,1144,N797MX,259,250,244,5,-4,IND,PHX,1489,6,9,0,,0,NA,NA,NA,NA,NA2008,1,7,1,1251,1255,1455,1510,WN,4,N770SA,124,135,114,-15,-4,IND,TPA,838,3,7,0,,0,NA,NA,NA,NA,NA2008,1,7,1,1328,1325,1427,1435,WN,54,N679AA,59,70,49,-8,3,ISP,BWI,220,3,7,0,,0,NA,NA,NA,NA,NA2008,1,7,1,704,705,808,810,WN,68,N732SW,64,65,51,-2,-1,ISP,BWI,220,4,9,0,,0,NA,NA,NA,NA,NA2008,1,7,1,1626,1625,1729,1735,WN,623,N242WN,63,70,54,-6,1,ISP,BWI,220,3,6,0,,0,NA,NA,NA,NA,NA2008,1,7,1,1840,1840,1938,1950,WN,717,N226WN,58,70,47,-12,0,ISP,BWI,220,3,8,0,,0,NA,NA,NA,NA,NA2008,1,7,1,1029,1030,1126,1140,WN,1244,N286WN,57,70,49,-14,-1,ISP,BWI,220,2,6,0,,0,NA,NA,NA,NA,NA2008,1,7,1,757,800,856,910,WN,2101,N222WN,59,70,48,-14,-3,ISP,BWI,220,4,7,0,,0,NA,NA,NA,NA,NA2008,1,7,1,1455,1455,1555,1605,WN,2553,N341SW,60,70,49,-10,0,ISP,BWI,220,3,8,0,,0,NA,NA,NA,NA,NA2008,1,7,1,1311,1255,1548,1610,WN,188,N230WN,157,195,148,-22,16,ISP,FLL,1093,3,6,0,,0,NA,NA,NA,NA,NA2008,1,7,1,1919,1925,2203,2235,WN,1754,N411WN,164,190,151,-32,-6,ISP,FLL,1093,3,10,0,,0,NA,NA,NA,NA,NA2008,1,7,1,633,635,925,945,WN,2275,N737JW,172,190,155,-20,-2,ISP,FLL,1093,5,12,0,,0,NA,NA,NA,NA,NA2008,1,7,1,735,730,1014,1020,WN,550,N791SW,339,350,329,-6,5,ISP,LAS,2283,4,6,0,,0,NA,NA,NA,NA,NA2008,1,7,1,1944,1945,2209,2230,WN,362,N230WN,145,165,133,-21,-1,ISP,MCO,972,6,6,0,,0,NA,NA,NA,NA,NA2008,1,7,1,1003,1005,1228,1255,WN,543,N726SW,145,170,132,-27,-2,ISP,MCO,972,5,8,0,,0,NA,NA,NA,NA,NA2008,1,7,1,708,710,944,1000,WN,1112,N239WN,156,170,137,-16,-2,ISP,MCO,972,8,11,0,,0,NA,NA,NA,NA,NA2008,1,7,1,1301,1300,1527,1550,WN,1397,N765SW,146,170,131,-23,1,ISP,MCO,972,6,9,0,,0,NA,NA,NA,NA,NA2008,1,7,1,1427,1430,1702,1720,WN,3398,N777QC,155,170,141,-18,-3,ISP,MCO,972,6,8,0,,0,NA,NA,NA,NA,NA2008,1,7,1,1609,1555,1852,1845,WN,3480,N758SW,163,170,141,7,14,ISP,MCO,972,8,14,0,,0,NA,NA,NA,NA,NA2008,1,7,1,826,830,948,955,WN,300,N225WN,142,145,131,-7,-4,ISP,MDW,765,4,7,0,,0,NA,NA,NA,NA,NA2008,1,7,1,1653,1650,NA,1815,WN,422,N201LV,NA,145,NA,NA,3,ISP,MDW,765,NA,7,0,,1,NA,NA,NA,NA,NA2008,1,7,1,1104,1105,1218,1230,WN,1837,N422WN,134,145,123,-12,-1,ISP,MDW,765,4,7,0,,0,NA,NA,NA,NA,NA2008,1,7,1,1358,1355,1519,1520,WN,2871,N475WN,141,145,129,-1,3,ISP,MDW,765,4,8,0,,0,NA,NA,NA,NA,NA2008,1,7,1,1228,1230,1504,1530,WN,1056,N425LV,156,180,145,-26,-2,ISP,PBI,1052,4,7,0,,0,NA,NA,NA,NA,NA2008,1,7,1,1725,1725,2006,2030,WN,2175,N468WN,161,185,148,-24,0,ISP,PBI,1052,4,9,0,,0,NA,NA,NA,NA,NA2008,1,7,1,720,720,956,1020,WN,3319,N298WN,156,180,143,-24,0,ISP,PBI,1052,4,9,0,,0,NA,NA,NA,NA,NA2008,1,7,1,640,640,933,955,WN,3667,N481WN,173,195,160,-22,0,ISP,RSW,1101,4,9,0,,0,NA,NA,NA,NA,NA2008,1,7,1,1137,1140,1417,1440,WN,2006,N427WN,160,180,147,-23,-3,ISP,TPA,1034,6,7,0,,0,NA,NA,NA,NA,NA2008,1,7,1,1505,1510,1748,1810,WN,3858,N716SW,163,180,153,-22,-5,ISP,TPA,1034,3,7,0,,0,NA,NA,NA,NA,NA2008,1,7,1,632,635,912,935,WN,3928,N230WN,160,180,148,-23,-3,ISP,TPA,1034,4,8,0,,0,NA,NA,NA,NA,NA2008,1,7,1,828,830,1135,1140,WN,534,N497WN,127,130,116,-5,-2,JAN,BWI,888,4,7,0,,0,NA,NA,NA,NA,NA2008,1,7,1,1433,1435,1743,1745,WN,3244,N492WN,130,130,114,-2,-2,JAN,BWI,888,9,7,0,,0,NA,NA,NA,NA,NA2008,1,7,1,1727,1730,1847,1850,WN,186,N440LV,80,80,69,-3,-3,JAN,HOU,359,3,8,0,,0,NA,NA,NA,NA,NA2008,1,7,1,616,615,739,735,WN,971,N449WN,83,80,70,4,1,JAN,HOU,359,4,9,0,,0,NA,NA,NA,NA,NA2008,1,7,1,1144,1145,1256,1305,WN,2124,N397SW,72,80,61,-9,-1,JAN,HOU,359,4,7,0,,0,NA,NA,NA,NA,NA2008,1,7,1,1937,1940,2050,2100,WN,3154,N242WN,73,80,60,-10,-3,JAN,HOU,359,5,8,0,,0,NA,NA,NA,NA,NA2008,1,7,1,947,945,1223,1225,WN,1035,N624SW,96,100,82,-2,2,JAN,MCO,587,7,7,0,,0,NA,NA,NA,NA,NA2008,1,7,1,1908,1850,2110,2045,WN,205,N418WN,122,115,111,25,18,JAN,MDW,666,5,6,0,,0,0,0,7,0,182008,1,7,1,703,700,846,900,WN,449,N514SW,103,120,92,-14,3,JAN,MDW,666,3,8,0,,0,NA,NA,NA,NA,NA2008,1,7,1,924,925,930,940,WN,3430,N495WN,66,75,55,-10,-1,JAX,BHM,365,3,8,0,,0,NA,NA,NA,NA,NA2008,1,7,1,619,620,650,655,WN,1580,N411WN,91,95,72,-5,-1,JAX,BNA,484,5,14,0,,0,NA,NA,NA,NA,NA2008,1,7,1,1040,1040,1107,1110,WN,2195,N453WN,87,90,71,-3,0,JAX,BNA,484,6,10,0,,0,NA,NA,NA,NA,NA2008,1,7,1,1537,1535,1559,1610,WN,2804,N420WN,82,95,69,-11,2,JAX,BNA,484,4,9,0,,0,NA,NA,NA,NA,NA2008,1,7,1,1913,1915,1945,1950,WN,3428,N465WN,92,95,71,-5,-2,JAX,BNA,484,6,15,0,,0,NA,NA,NA,NA,NA2008,1,7,1,1054,1055,1234,1240,WN,433,N259WN,100,105,88,-6,-1,JAX,BWI,663,3,9,0,,0,NA,NA,NA,NA,NA2008,1,7,1,1436,1440,1617,1625,WN,1331,N286WN,101,105,87,-8,-4,JAX,BWI,663,3,11,0,,0,NA,NA,NA,NA,NA2008,1,7,1,2007,2010,2142,2155,WN,3504,N757LV,95,105,83,-13,-3,JAX,BWI,663,3,9,0,,0,NA,NA,NA,NA,NA2008,1,7,1,2247,2130,2354,2240,WN,378,N481WN,67,70,55,74,77,JAX,FLL,318,3,9,0,,0,0,0,0,0,742008,1,7,1,1458,1500,1609,1615,WN,640,N383SW,71,75,57,-6,-2,JAX,FLL,318,3,11,0,,0,NA,NA,NA,NA,NA2008,1,7,1,848,850,1000,1000,WN,1396,N321SW,72,70,56,0,-2,JAX,FLL,318,4,12,0,,0,NA,NA,NA,NA,NA2008,1,7,1,645,645,757,755,WN,2189,N233LV,72,70,56,2,0,JAX,FLL,318,3,13,0,,0,NA,NA,NA,NA,NA2008,1,7,1,1219,1220,1333,1330,WN,3312,N609SW,74,70,62,3,-1,JAX,FLL,318,4,8,0,,0,NA,NA,NA,NA,NA2008,1,7,1,1728,1730,1834,1840,WN,3948,N224WN,66,70,54,-6,-2,JAX,FLL,318,5,7,0,,0,NA,NA,NA,NA,NA2008,1,7,1,1734,1735,1859,1905,WN,54,N679AA,145,150,132,-6,-1,JAX,HOU,816,4,9,0,,0,NA,NA,NA,NA,NA2008,1,7,1,754,750,949,955,WN,2272,N254WN,115,125,95,-6,4,JAX,IND,688,6,14,0,,0,NA,NA,NA,NA,NA2008,1,7,1,1844,1825,2012,1955,WN,549,N399WN,88,90,76,17,19,JAX,ORF,543,3,9,0,,0,0,0,0,0,172008,1,7,1,826,820,957,945,WN,3604,N229WN,91,85,78,12,6,JAX,ORF,543,3,10,0,,0,NA,NA,NA,NA,NA2008,1,7,1,1652,1650,1852,1905,WN,23,N614SW,120,135,101,-13,2,JAX,PHL,742,8,11,0,,0,NA,NA,NA,NA,NA2008,1,7,1,656,700,859,915,WN,1232,N623SW,123,135,102,-16,-4,JAX,PHL,742,5,16,0,,0,NA,NA,NA,NA,NA2008,1,7,1,1312,1310,1401,1400,WN,977,N310SW,49,50,34,1,2,JAX,TPA,180,4,11,0,,0,NA,NA,NA,NA,NA2008,1,7,1,900,900,950,950,WN,1574,N751SW,50,50,38,0,0,JAX,TPA,180,4,8,0,,0,NA,NA,NA,NA,NA2008,1,7,1,1848,1850,1943,1945,WN,2019,N604SW,55,55,38,-2,-2,JAX,TPA,180,5,12,0,,0,NA,NA,NA,NA,NA2008,1,7,1,1440,1445,1716,1710,WN,500,N403WN,96,85,60,6,-5,LAS,ABQ,487,6,30,0,,0,NA,NA,NA,NA,NA2008,1,7,1,935,935,1202,1200,WN,778,N692SW,87,85,64,2,0,LAS,ABQ,487,4,19,0,,0,NA,NA,NA,NA,NA2008,1,7,1,2118,2125,2330,2345,WN,890,N491WN,72,80,60,-15,-7,LAS,ABQ,487,4,8,0,,0,NA,NA,NA,NA,NA2008,1,7,1,1227,1230,1452,1500,WN,1171,N243WN,85,90,61,-8,-3,LAS,ABQ,487,4,20,0,,0,NA,NA,NA,NA,NA2008,1,7,1,622,625,838,850,WN,1320,N282WN,76,85,62,-12,-3,LAS,ABQ,487,3,11,0,,0,NA,NA,NA,NA,NA2008,1,7,1,1628,1600,1859,1825,WN,1925,N436WN,91,85,59,34,28,LAS,ABQ,487,4,28,0,,0,6,0,6,0,222008,1,7,1,1911,1915,2132,2140,WN,2457,N430WN,81,85,59,-8,-4,LAS,ABQ,487,6,16,0,,0,NA,NA,NA,NA,NA2008,1,7,1,1734,1655,54,30,WN,302,N694SW,260,275,246,24,39,LAS,ALB,2237,3,11,0,,0,10,0,0,0,142008,1,7,1,1152,1155,1547,1555,WN,1079,N410WN,115,120,89,-8,-3,LAS,AMA,758,4,22,0,,0,NA,NA,NA,NA,NA2008,1,7,1,1233,1240,1711,1720,WN,155,N689SW,158,160,128,-9,-7,LAS,AUS,1090,4,26,0,,0,NA,NA,NA,NA,NA2008,1,7,1,2018,2015,39,50,WN,2021,N200WN,141,155,127,-11,3,LAS,AUS,1090,4,10,0,,0,NA,NA,NA,NA,NA2008,1,7,1,847,850,1309,1330,WN,3222,N459WN,142,160,127,-21,-3,LAS,AUS,1090,3,12,0,,0,NA,NA,NA,NA,NA2008,1,7,1,1653,1640,30,25,WN,1018,N291WN,277,285,253,5,13,LAS,BDL,2298,5,19,0,,0,NA,NA,NA,NA,NA2008,1,7,1,919,905,1439,1430,WN,3948,N224WN,200,205,182,9,14,LAS,BHM,1618,4,14,0,,0,NA,NA,NA,NA,NA2008,1,7,1,816,815,1329,1340,WN,249,N714CB,193,205,178,-11,1,LAS,BNA,1588,5,10,0,,0,NA,NA,NA,NA,NA2008,1,7,1,1238,1240,1805,1810,WN,419,N295WN,207,210,177,-5,-2,LAS,BNA,1588,5,25,0,,0,NA,NA,NA,NA,NA2008,1,7,1,1436,1440,2001,2010,WN,2032,N271WN,205,210,179,-9,-4,LAS,BNA,1588,6,20,0,,0,NA,NA,NA,NA,NA2008,1,7,1,1930,1930,53,55,WN,3940,N748SW,203,205,183,-2,0,LAS,BNA,1588,4,16,0,,0,NA,NA,NA,NA,NA2008,1,7,1,920,920,1219,1210,WN,71,N378SW,119,110,98,9,0,LAS,BOI,520,2,19,0,,0,NA,NA,NA,NA,NA2008,1,7,1,1615,1535,1912,1825,WN,538,N699SW,117,110,87,47,40,LAS,BOI,520,4,26,0,,0,40,0,7,0,02008,1,7,1,1733,1715,32,25,WN,2383,N204WN,239,250,222,7,18,LAS,BUF,1987,6,11,0,,0,NA,NA,NA,NA,NA2008,1,7,1,827,825,921,925,WN,136,N358SW,54,60,45,-4,2,LAS,BUR,223,2,7,0,,0,NA,NA,NA,NA,NA2008,1,7,1,2013,2015,2109,2115,WN,219,N776WN,56,60,45,-6,-2,LAS,BUR,223,2,9,0,,0,NA,NA,NA,NA,NA2008,1,7,1,1810,1740,1922,1840,WN,391,N723SW,72,60,50,42,30,LAS,BUR,223,7,15,0,,0,14,0,12,0,162008,1,7,1,648,650,746,750,WN,670,N374SW,58,60,45,-4,-2,LAS,BUR,223,3,10,0,,0,NA,NA,NA,NA,NA2008,1,7,1,2101,2055,2158,2155,WN,815,N653SW,57,60,43,3,6,LAS,BUR,223,2,12,0,,0,NA,NA,NA,NA,NA2008,1,7,1,1910,1910,2012,2010,WN,1072,N368SW,62,60,45,2,0,LAS,BUR,223,2,15,0,,0,NA,NA,NA,NA,NA2008,1,7,1,1429,1355,1536,1500,WN,1328,N304SW,67,65,46,36,34,LAS,BUR,223,5,16,0,,0,0,0,2,0,342008,1,7,1,1104,1050,1205,1155,WN,1586,N327SW,61,65,46,10,14,LAS,BUR,223,4,11,0,,0,NA,NA,NA,NA,NA2008,1,7,1,1326,1250,1427,1355,WN,1838,N436WN,61,65,46,32,36,LAS,BUR,223,5,10,0,,0,24,0,0,0,82008,1,7,1,1656,1630,1801,1740,WN,2284,N395SW,65,70,44,21,26,LAS,BUR,223,4,17,0,,0,8,0,0,0,132008,1,7,1,910,915,1016,1020,WN,2699,N243WN,66,65,45,-4,-5,LAS,BUR,223,4,17,0,,0,NA,NA,NA,NA,NA2008,1,7,1,1226,1220,1339,1325,WN,2874,N384SW,73,65,45,14,6,LAS,BUR,223,4,24,0,,0,NA,NA,NA,NA,NA2008,1,7,1,1454,1455,1607,1555,WN,3237,N790SW,73,60,46,12,-1,LAS,BUR,223,6,21,0,,0,NA,NA,NA,NA,NA2008,1,7,1,838,845,1550,1610,WN,1774,N434WN,252,265,236,-20,-7,LAS,BWI,2106,4,12,0,,0,NA,NA,NA,NA,NA2008,1,7,1,1734,1730,39,50,WN,2632,N245WN,245,260,229,-11,4,LAS,BWI,2106,4,12,0,,0,NA,NA,NA,NA,NA2008,1,7,1,1240,1245,2006,2015,WN,3759,N455WN,266,270,237,-9,-5,LAS,BWI,2106,4,25,0,,0,NA,NA,NA,NA,NA2008,1,7,1,943,945,1631,1645,WN,818,N273WN,228,240,203,-14,-2,LAS,CLE,1825,5,20,0,,0,NA,NA,NA,NA,NA2008,1,7,1,1807,1740,39,30,WN,564,N477WN,212,230,195,9,27,LAS,CMH,1772,3,14,0,,0,NA,NA,NA,NA,NA2008,1,7,1,1159,1200,1840,1850,WN,991,N407WN,221,230,195,-10,-1,LAS,CMH,1772,5,21,0,,0,NA,NA,NA,NA,NA2008,1,7,1,659,700,940,955,WN,85,N361SW,101,115,81,-15,-1,LAS,DEN,629,4,16,0,,0,NA,NA,NA,NA,NA2008,1,7,1,1032,1030,1318,1320,WN,157,N437WN,106,110,80,-2,2,LAS,DEN,629,8,18,0,,0,NA,NA,NA,NA,NA2008,1,7,1,2109,2115,2348,5,WN,632,N735SA,99,110,82,-17,-6,LAS,DEN,629,6,11,0,,0,NA,NA,NA,NA,NA2008,1,7,1,1321,1315,1558,1610,WN,706,N371SW,97,115,84,-12,6,LAS,DEN,629,7,6,0,,0,NA,NA,NA,NA,NA2008,1,7,1,2007,1955,2247,2245,WN,908,N695SW,100,110,84,2,12,LAS,DEN,629,5,11,0,,0,NA,NA,NA,NA,NA2008,1,7,1,1424,1425,1720,1720,WN,1582,N328SW,116,115,91,0,-1,LAS,DEN,629,9,16,0,,0,NA,NA,NA,NA,NA2008,1,7,1,1610,1600,1906,1900,WN,2907,N646SW,116,120,83,6,10,LAS,DEN,629,5,28,0,,0,NA,NA,NA,NA,NA2008,1,7,1,1716,1710,1943,1945,WN,2192,N332SW,87,95,73,-2,6,LAS,ELP,584,3,11,0,,0,NA,NA,NA,NA,NA2008,1,7,1,1038,1040,1306,1320,WN,2280,N648SW,88,100,70,-14,-2,LAS,ELP,584,2,16,0,,0,NA,NA,NA,NA,NA2008,1,7,1,1053,1050,1339,1325,WN,1636,N345SA,166,155,144,14,3,LAS,GEG,806,4,18,0,,0,NA,NA,NA,NA,NA2008,1,7,1,1636,1620,1909,1850,WN,2803,N223WN,153,150,125,19,16,LAS,GEG,806,3,25,0,,0,2,0,3,0,142008,1,7,1,1749,1735,2236,2230,WN,719,N400WN,167,175,150,6,14,LAS,HOU,1235,4,13,0,,0,NA,NA,NA,NA,NA2008,1,7,1,1136,1140,1628,1640,WN,1776,N432WN,172,180,152,-12,-4,LAS,HOU,1235,4,16,0,,0,NA,NA,NA,NA,NA2008,1,7,1,741,740,1229,1235,WN,3244,N492WN,168,175,151,-6,1,LAS,HOU,1235,3,14,0,,0,NA,NA,NA,NA,NA2008,1,7,1,2014,2010,53,55,WN,3746,N345SA,159,165,147,-2,4,LAS,HOU,1235,3,9,0,,0,NA,NA,NA,NA,NA2008,1,7,1,1642,1525,2352,2245,WN,1027,N222WN,250,260,228,67,77,LAS,IAD,2066,4,18,0,,0,67,0,0,0,02008,1,7,1,1818,1820,41,55,WN,1924,N704SW,203,215,183,-14,-2,LAS,IND,1591,8,12,0,,0,NA,NA,NA,NA,NA2008,1,7,1,1053,1050,1716,1725,WN,3920,N408WN,203,215,177,-9,3,LAS,IND,1591,9,17,0,,0,NA,NA,NA,NA,NA2008,1,7,1,1522,1510,2256,2255,WN,3144,N752SW,274,285,255,1,12,LAS,ISP,2283,3,16,0,,0,NA,NA,NA,NA,NA2008,1,7,1,1720,1715,1823,1820,WN,82,N200WN,63,65,42,3,5,LAS,LAX,236,10,11,0,,0,NA,NA,NA,NA,NA2008,1,7,1,2151,2150,2250,2255,WN,135,N273WN,59,65,40,-5,1,LAS,LAX,236,9,10,0,,0,NA,NA,NA,NA,NA2008,1,7,1,1824,1825,1932,1930,WN,317,N685SW,68,65,40,2,-1,LAS,LAX,236,8,20,0,,0,NA,NA,NA,NA,NA2008,1,7,1,656,645,803,745,WN,337,N268WN,67,60,40,18,11,LAS,LAX,236,8,19,0,,0,11,0,7,0,02008,1,7,1,1455,1455,1555,1600,WN,354,N448WN,60,65,42,-5,0,LAS,LAX,236,5,13,0,,0,NA,NA,NA,NA,NA2008,1,7,1,1250,1250,1354,1355,WN,784,N451WN,64,65,43,-1,0,LAS,LAX,236,5,16,0,,0,NA,NA,NA,NA,NA2008,1,7,1,842,840,940,945,WN,790,N410WN,58,65,43,-5,2,LAS,LAX,236,6,9,0,,0,NA,NA,NA,NA,NA2008,1,7,1,1542,1525,1645,1630,WN,1061,N780SW,63,65,40,15,17,LAS,LAX,236,6,17,0,,0,15,0,0,0,02008,1,7,1,748,750,848,855,WN,1653,N267WN,60,65,40,-7,-2,LAS,LAX,236,7,13,0,,0,NA,NA,NA,NA,NA2008,1,7,1,1203,1200,1310,1310,WN,1928,N458WN,67,70,42,0,3,LAS,LAX,236,7,18,0,,0,NA,NA,NA,NA,NA2008,1,7,1,2004,2005,2109,2115,WN,2367,N767SW,65,70,40,-6,-1,LAS,LAX,236,13,12,0,,0,NA,NA,NA,NA,NA2008,1,7,1,2120,2120,2226,2225,WN,2896,N685SW,66,65,41,1,0,LAS,LAX,236,13,12,0,,0,NA,NA,NA,NA,NA2008,1,7,1,1027,1025,1140,1135,WN,3655,N709SW,73,70,41,5,2,LAS,LAX,236,17,15,0,,0,NA,NA,NA,NA,NA2008,1,7,1,1420,1420,1526,1525,WN,3917,N334SW,66,65,42,1,0,LAS,LAX,236,5,19,0,,0,NA,NA,NA,NA,NA2008,1,7,1,1116,1100,1503,1500,WN,2382,N795SW,107,120,90,3,16,LAS,LBB,775,3,14,0,,0,NA,NA,NA,NA,NA2008,1,7,1,851,850,1337,1345,WN,565,N740SW,166,175,147,-8,1,LAS,LIT,1295,4,15,0,,0,NA,NA,NA,NA,NA2008,1,7,1,1111,1110,1500,1510,WN,43,N763SW,109,120,96,-10,1,LAS,MAF,796,1,12,0,,0,NA,NA,NA,NA,NA2008,1,7,1,1202,1210,1658,1700,WN,213,N665WN,176,170,137,-2,-8,LAS,MCI,1140,5,34,0,,0,NA,NA,NA,NA,NA2008,1,7,1,2002,2005,25,50,WN,411,N900WN,143,165,129,-25,-3,LAS,MCI,1140,5,9,0,,0,NA,NA,NA,NA,NA2008,1,7,1,1925,1905,2357,2350,WN,1004,N610WN,152,165,129,7,20,LAS,MCI,1140,6,17,0,,0,NA,NA,NA,NA,NA2008,1,7,1,1600,1510,2033,2000,WN,1405,N797MX,153,170,129,33,50,LAS,MCI,1140,6,18,0,,0,0,0,0,0,332008,1,7,1,651,650,1132,1135,WN,2972,N619SW,161,165,141,-3,1,LAS,MCI,1140,3,17,0,,0,NA,NA,NA,NA,NA2008,1,7,1,939,940,1419,1430,WN,3068,N362SW,160,170,137,-11,-1,LAS,MCI,1140,4,19,0,,0,NA,NA,NA,NA,NA2008,1,7,1,1300,1300,2009,2025,WN,380,N793SA,249,265,227,-16,0,LAS,MCO,2039,8,14,0,,0,NA,NA,NA,NA,NA2008,1,7,1,1508,1500,2036,2030,WN,74,N718SW,208,210,178,6,8,LAS,MDW,1521,7,23,0,,0,NA,NA,NA,NA,NA2008,1,7,1,NA,645,NA,1210,WN,227,,NA,205,NA,NA,NA,LAS,MDW,1521,NA,NA,1,A,0,NA,NA,NA,NA,NA2008,1,7,1,1051,1050,1604,1620,WN,335,N791SW,193,210,174,-16,1,LAS,MDW,1521,3,16,0,,0,NA,NA,NA,NA,NA2008,1,7,1,1437,1415,1958,1945,WN,396,N785SW,201,210,174,13,22,LAS,MDW,1521,6,21,0,,0,NA,NA,NA,NA,NA2008,1,7,1,1141,1145,1704,1720,WN,693,N478WN,203,215,177,-16,-4,LAS,MDW,1521,5,21,0,,0,NA,NA,NA,NA,NA2008,1,7,1,753,755,1302,1320,WN,823,N484WN,189,205,175,-18,-2,LAS,MDW,1521,4,10,0,,0,NA,NA,NA,NA,NA2008,1,7,1,933,935,1459,1505,WN,830,N757LV,206,210,177,-6,-2,LAS,MDW,1521,6,23,0,,0,NA,NA,NA,NA,NA2008,1,7,1,NA,1700,NA,2230,WN,1865,,NA,210,NA,NA,NA,LAS,MDW,1521,NA,NA,1,A,0,NA,NA,NA,NA,NA2008,1,7,1,NA,1845,NA,5,WN,2025,,NA,200,NA,NA,NA,LAS,MDW,1521,NA,NA,1,A,0,NA,NA,NA,NA,NA2008,1,7,1,1816,1815,2331,2335,WN,2450,N233LV,195,200,176,-4,1,LAS,MDW,1521,9,10,0,,0,NA,NA,NA,NA,NA2008,1,7,1,1927,1930,59,50,WN,2794,N426WN,212,200,173,9,-3,LAS,MDW,1521,22,17,0,,0,NA,NA,NA,NA,NA2008,1,7,1,1305,1310,1840,1845,WN,3232,N472WN,215,215,195,-5,-5,LAS,MDW,1521,10,10,0,,0,NA,NA,NA,NA,NA2008,1,7,1,1647,1645,26,35,WN,767,N292WN,279,290,256,-9,2,LAS,MHT,2356,4,19,0,,0,NA,NA,NA,NA,NA2008,1,7,1,1026,1030,1546,1545,WN,762,N220WN,200,195,173,1,-4,LAS,MSY,1501,4,23,0,,0,NA,NA,NA,NA,NA2008,1,7,1,1827,1825,2334,2340,WN,3327,N731SA,187,195,171,-6,2,LAS,MSY,1501,4,12,0,,0,NA,NA,NA,NA,NA2008,1,7,1,1108,1110,1236,1240,WN,125,N404WN,88,90,74,-4,-2,LAS,OAK,407,4,10,0,,0,NA,NA,NA,NA,NA2008,1,7,1,658,700,832,830,WN,126,N265WN,94,90,74,2,-2,LAS,OAK,407,5,15,0,,0,NA,NA,NA,NA,NA2008,1,7,1,1341,1345,1507,1520,WN,127,N228WN,86,95,69,-13,-4,LAS,OAK,407,4,13,0,,0,NA,NA,NA,NA,NA2008,1,7,1,1737,1740,1912,1915,WN,223,N733SA,95,95,71,-3,-3,LAS,OAK,407,6,18,0,,0,NA,NA,NA,NA,NA2008,1,7,1,1202,1205,1346,1345,WN,237,N270WN,104,100,73,1,-3,LAS,OAK,407,5,26,0,,0,NA,NA,NA,NA,NA2008,1,7,1,1531,1505,1708,1635,WN,280,N494WN,97,90,70,33,26,LAS,OAK,407,6,21,0,,0,0,0,7,0,262008,1,7,1,912,820,1111,950,WN,864,N638SW,119,90,76,81,52,LAS,OAK,407,29,14,0,,0,0,0,29,0,522008,1,7,1,2132,2125,2257,2255,WN,900,N306SW,85,90,69,2,7,LAS,OAK,407,6,10,0,,0,NA,NA,NA,NA,NA2008,1,7,1,1907,1900,2039,2030,WN,962,N665WN,92,90,70,9,7,LAS,OAK,407,7,15,0,,0,NA,NA,NA,NA,NA2008,1,7,1,1435,1420,1609,1555,WN,1011,N799SW,94,95,70,14,15,LAS,OAK,407,6,18,0,,0,NA,NA,NA,NA,NA2008,1,7,1,921,925,1120,1055,WN,1258,N773SA,119,90,77,25,-4,LAS,OAK,407,25,17,0,,0,0,0,25,0,02008,1,7,1,2157,2155,2319,2325,WN,1950,N432WN,82,90,70,-6,2,LAS,OAK,407,4,8,0,,0,NA,NA,NA,NA,NA2008,1,7,1,2015,2020,2145,2150,WN,3135,N384SW,90,90,72,-5,-5,LAS,OAK,407,6,12,0,,0,NA,NA,NA,NA,NA2008,1,7,1,559,600,736,730,WN,3233,N249WN,97,90,75,6,-1,LAS,OAK,407,7,15,0,,0,NA,NA,NA,NA,NA2008,1,7,1,1142,1145,1607,1605,WN,86,N390SW,145,140,116,2,-3,LAS,OKC,987,4,25,0,,0,NA,NA,NA,NA,NA2008,1,7,1,1336,1315,1803,1755,WN,479,N680AA,147,160,133,8,21,LAS,OMA,1099,2,12,0,,0,NA,NA,NA,NA,NA2008,1,7,1,1916,1920,2346,2355,WN,875,N770SA,150,155,132,-9,-4,LAS,OMA,1099,5,13,0,,0,NA,NA,NA,NA,NA2008,1,7,1,910,910,1349,1350,WN,2111,N311SW,159,160,130,-1,0,LAS,OMA,1099,3,26,0,,0,NA,NA,NA,NA,NA2008,1,7,1,1645,1610,1741,1705,WN,187,N713SW,56,55,33,36,35,LAS,ONT,197,4,19,0,,0,24,0,1,0,112008,1,7,1,1944,1945,2037,2040,WN,725,N794SW,53,55,31,-3,-1,LAS,ONT,197,6,16,0,,0,NA,NA,NA,NA,NA2008,1,7,1,653,655,748,750,WN,731,N273WN,55,55,35,-2,-2,LAS,ONT,197,6,14,0,,0,NA,NA,NA,NA,NA2008,1,7,1,1430,1435,1520,1530,WN,872,N406WN,50,55,32,-10,-5,LAS,ONT,197,4,14,0,,0,NA,NA,NA,NA,NA2008,1,7,1,1030,1030,1129,1125,WN,906,N627SW,59,55,32,4,0,LAS,ONT,197,3,24,0,,0,NA,NA,NA,NA,NA2008,1,7,1,2116,2120,2203,2210,WN,1493,N613SW,47,50,33,-7,-4,LAS,ONT,197,4,10,0,,0,NA,NA,NA,NA,NA2008,1,7,1,835,835,931,930,WN,1670,N606SW,56,55,34,1,0,LAS,ONT,197,14,8,0,,0,NA,NA,NA,NA,NA2008,1,7,1,1214,1215,1323,1310,WN,2018,N332SW,69,55,36,13,-1,LAS,ONT,197,4,29,0,,0,NA,NA,NA,NA,NA2008,1,7,1,1908,1800,1955,1855,WN,2730,N433LV,47,55,34,60,68,LAS,ONT,197,5,8,0,,0,60,0,0,0,02008,1,7,1,1330,1330,1417,1425,WN,3070,N350SW,47,55,33,-8,0,LAS,ONT,197,4,10,0,,0,NA,NA,NA,NA,NA2008,1,7,1,1652,1655,15,25,WN,156,N416WN,263,270,241,-10,-3,LAS,ORF,2155,4,18,0,,0,NA,NA,NA,NA,NA2008,1,7,1,1803,1755,2028,2015,WN,700,N331SW,145,140,131,13,8,LAS,PDX,762,4,10,0,,0,NA,NA,NA,NA,NA2008,1,7,1,754,755,1024,1020,WN,1669,N283WN,150,145,128,4,-1,LAS,PDX,762,4,18,0,,0,NA,NA,NA,NA,NA2008,1,7,1,1255,1255,1520,1520,WN,2354,N445WN,145,145,125,0,0,LAS,PDX,762,4,16,0,,0,NA,NA,NA,NA,NA2008,1,7,1,2039,2040,2249,2300,WN,2550,N216WR,130,140,117,-11,-1,LAS,PDX,762,3,10,0,,0,NA,NA,NA,NA,NA2008,1,7,1,1054,1045,1814,1835,WN,1285,N296WN,260,290,241,-21,9,LAS,PHL,2176,8,11,0,,0,NA,NA,NA,NA,NA2008,1,7,1,1658,1700,24,45,WN,1843,N283WN,266,285,245,-21,-2,LAS,PHL,2176,5,16,0,,0,NA,NA,NA,NA,NA2008,1,7,1,558,600,759,805,WN,102,N359SW,61,65,45,-6,-2,LAS,PHX,256,6,10,0,,0,NA,NA,NA,NA,NA2008,1,7,1,704,705,931,915,WN,243,N728SW,87,70,63,16,-1,LAS,PHX,256,7,17,0,,0,0,0,16,0,02008,1,7,1,1335,1320,1539,1530,WN,287,N787SA,64,70,43,9,15,LAS,PHX,256,6,15,0,,0,NA,NA,NA,NA,NA2008,1,7,1,1807,1810,2010,2015,WN,504,N678AA,63,65,45,-5,-3,LAS,PHX,256,6,12,0,,0,NA,NA,NA,NA,NA2008,1,7,1,1737,1740,1941,1950,WN,559,N509SW,64,70,43,-9,-3,LAS,PHX,256,4,17,0,,0,NA,NA,NA,NA,NA2008,1,7,1,1546,1545,1753,1750,WN,668,N269WN,67,65,42,3,1,LAS,PHX,256,11,14,0,,0,NA,NA,NA,NA,NA2008,1,7,1,NA,1205,NA,1415,WN,752,,NA,70,NA,NA,NA,LAS,PHX,256,NA,NA,1,C,0,NA,NA,NA,NA,NA2008,1,7,1,1112,1110,1329,1315,WN,781,N612SW,77,65,54,14,2,LAS,PHX,256,6,17,0,,0,NA,NA,NA,NA,NA2008,1,7,1,1010,1005,1303,1215,WN,871,N470WN,113,70,74,48,5,LAS,PHX,256,8,31,0,,0,0,0,48,0,02008,1,7,1,913,820,1156,1025,WN,1034,N759GS,103,65,52,91,53,LAS,PHX,256,6,45,0,,0,0,53,38,0,02008,1,7,1,2126,2110,2324,2310,WN,1403,N370SW,58,60,43,14,16,LAS,PHX,256,6,9,0,,0,NA,NA,NA,NA,NA2008,1,7,1,2037,2040,2235,2240,WN,1682,N270WN,58,60,42,-5,-3,LAS,PHX,256,5,11,0,,0,NA,NA,NA,NA,NA2008,1,7,1,629,635,832,840,WN,2103,N798SW,63,65,48,-8,-6,LAS,PHX,256,6,9,0,,0,NA,NA,NA,NA,NA2008,1,7,1,1511,1450,1724,1655,WN,2726,N742SW,73,65,45,29,21,LAS,PHX,256,5,23,0,,0,3,0,8,0,182008,1,7,1,1940,1945,2143,2150,WN,2991,N612SW,63,65,43,-7,-5,LAS,PHX,256,5,15,0,,0,NA,NA,NA,NA,NA2008,1,7,1,1630,1630,1836,1845,WN,3517,N495WN,66,75,44,-9,0,LAS,PHX,256,5,17,0,,0,NA,NA,NA,NA,NA2008,1,7,1,927,915,1202,1120,WN,3598,N717SA,95,65,53,42,12,LAS,PHX,256,7,35,0,,0,0,0,41,0,12008,1,7,1,1414,1415,1611,1620,WN,3849,N232WN,57,65,43,-9,-1,LAS,PHX,256,4,10,0,,0,NA,NA,NA,NA,NA2008,1,7,1,1744,1745,41,50,WN,512,N738CB,237,245,216,-9,-1,LAS,PIT,1910,8,13,0,,0,NA,NA,NA,NA,NA2008,1,7,1,911,915,1602,1620,WN,594,N287WN,231,245,211,-18,-4,LAS,PIT,1910,5,15,0,,0,NA,NA,NA,NA,NA2008,1,7,1,1605,1600,2348,2350,WN,416,N451WN,283,290,252,-2,5,LAS,PVD,2363,5,26,0,,0,NA,NA,NA,NA,NA2008,1,7,1,1122,1120,1841,1840,WN,170,N252WN,259,260,229,1,2,LAS,RDU,2027,8,22,0,,0,NA,NA,NA,NA,NA2008,1,7,1,1754,1725,51,45,WN,1509,N207WN,237,260,223,6,29,LAS,RDU,2027,2,12,0,,0,NA,NA,NA,NA,NA2008,1,7,1,1629,1630,1758,1755,WN,239,N350SW,89,85,59,3,-1,LAS,RNO,345,17,13,0,,0,NA,NA,NA,NA,NA2008,1,7,1,1917,1855,2031,2015,WN,298,N789SW,74,80,59,16,22,LAS,RNO,345,4,11,0,,0,0,0,0,0,162008,1,7,1,707,710,837,830,WN,376,N636WN,90,80,68,7,-3,LAS,RNO,345,4,18,0,,0,NA,NA,NA,NA,NA2008,1,7,1,1725,1730,1842,1850,WN,675,N497WN,77,80,61,-8,-5,LAS,RNO,345,4,12,0,,0,NA,NA,NA,NA,NA2008,1,7,1,1545,1540,1708,1700,WN,709,N754SW,83,80,62,8,5,LAS,RNO,345,4,17,0,,0,NA,NA,NA,NA,NA2008,1,7,1,835,840,951,955,WN,891,N209WN,76,75,64,-4,-5,LAS,RNO,345,4,8,0,,0,NA,NA,NA,NA,NA2008,1,7,1,2204,2200,2316,2315,WN,1341,N414WN,72,75,57,1,4,LAS,RNO,345,4,11,0,,0,NA,NA,NA,NA,NA2008,1,7,1,2037,2040,2151,2155,WN,2273,N363SW,74,75,60,-4,-3,LAS,RNO,345,5,9,0,,0,NA,NA,NA,NA,NA2008,1,7,1,631,625,749,740,WN,2538,N206WN,78,75,63,9,6,LAS,RNO,345,2,13,0,,0,NA,NA,NA,NA,NA2008,1,7,1,1014,1020,1142,1145,WN,2719,N416WN,88,85,66,-3,-6,LAS,RNO,345,5,17,0,,0,NA,NA,NA,NA,NA2008,1,7,1,1252,1255,1418,1415,WN,3430,N495WN,86,80,63,3,-3,LAS,RNO,345,5,18,0,,0,NA,NA,NA,NA,NA2008,1,7,1,1349,1350,1505,1510,WN,3835,N308SA,76,80,62,-5,-1,LAS,RNO,345,4,10,0,,0,NA,NA,NA,NA,NA2008,1,7,1,1113,1110,1234,1230,WN,3947,N645SW,81,80,65,4,3,LAS,RNO,345,4,12,0,,0,NA,NA,NA,NA,NA2008,1,7,1,1329,1330,1436,1435,WN,341,N356SW,67,65,48,1,-1,LAS,SAN,258,5,14,0,,0,NA,NA,NA,NA,NA2008,1,7,1,1217,1220,1337,1325,WN,535,N754SW,80,65,46,12,-3,LAS,SAN,258,5,29,0,,0,NA,NA,NA,NA,NA2008,1,7,1,2051,2050,2146,2150,WN,708,N497WN,55,60,43,-4,1,LAS,SAN,258,3,9,0,,0,NA,NA,NA,NA,NA2008,1,7,1,802,805,903,905,WN,711,N274WN,61,60,45,-2,-3,LAS,SAN,258,3,13,0,,0,NA,NA,NA,NA,NA2008,1,7,1,1625,1625,1739,1735,WN,715,N778SW,74,70,46,4,0,LAS,SAN,258,4,24,0,,0,NA,NA,NA,NA,NA2008,1,7,1,940,940,1038,1045,WN,1037,N775SW,58,65,42,-7,0,LAS,SAN,258,3,13,0,,0,NA,NA,NA,NA,NA2008,1,7,1,1909,1905,2009,2005,WN,1254,N414WN,60,60,45,4,4,LAS,SAN,258,3,12,0,,0,NA,NA,NA,NA,NA2008,1,7,1,1735,1740,1841,1840,WN,2186,N363SW,66,60,48,1,-5,LAS,SAN,258,3,15,0,,0,NA,NA,NA,NA,NA2008,1,7,1,2118,2125,2214,2225,WN,2211,N397SW,56,60,43,-11,-7,LAS,SAN,258,4,9,0,,0,NA,NA,NA,NA,NA2008,1,7,1,1426,1425,1528,1530,WN,2357,N738CB,62,65,44,-2,1,LAS,SAN,258,3,15,0,,0,NA,NA,NA,NA,NA2008,1,7,1,1515,1515,1613,1615,WN,2363,N233LV,58,60,42,-2,0,LAS,SAN,258,2,14,0,,0,NA,NA,NA,NA,NA2008,1,7,1,2240,2155,2337,2255,WN,2449,N737JW,57,60,42,42,45,LAS,SAN,258,4,11,0,,0,0,0,0,0,422008,1,7,1,613,615,713,715,WN,2712,N715SW,60,60,44,-2,-2,LAS,SAN,258,3,13,0,,0,NA,NA,NA,NA,NA2008,1,7,1,1111,1110,1219,1215,WN,3423,N289CT,68,65,46,4,1,LAS,SAN,258,7,15,0,,0,NA,NA,NA,NA,NA2008,1,7,1,1459,1445,1928,1920,WN,120,N645SW,149,155,123,8,14,LAS,SAT,1069,2,24,0,,0,NA,NA,NA,NA,NA2008,1,7,1,1933,1935,2353,5,WN,802,N778SW,140,150,122,-12,-2,LAS,SAT,1069,2,16,0,,0,NA,NA,NA,NA,NA2008,1,7,1,1058,1040,1512,1510,WN,2113,N659SW,134,150,122,2,18,LAS,SAT,1069,3,9,0,,0,NA,NA,NA,NA,NA2008,1,7,1,745,750,1209,1220,WN,2906,N400WN,144,150,126,-11,-5,LAS,SAT,1069,3,15,0,,0,NA,NA,NA,NA,NA2008,1,7,1,1807,1810,40,45,WN,495,N719SW,213,215,196,-5,-3,LAS,SDF,1624,5,12,0,,0,NA,NA,NA,NA,NA2008,1,7,1,1700,1645,1955,1930,WN,340,N619SW,175,165,148,25,15,LAS,SEA,866,4,23,0,,0,0,0,10,0,152008,1,7,1,2001,2005,2226,2245,WN,563,N264LV,145,160,133,-19,-4,LAS,SEA,866,4,8,0,,0,NA,NA,NA,NA,NA2008,1,7,1,639,640,914,925,WN,1769,N783SW,155,165,142,-11,-1,LAS,SEA,866,5,8,0,,0,NA,NA,NA,NA,NA2008,1,7,1,1133,1050,1413,1330,WN,2465,N482WN,160,160,147,43,43,LAS,SEA,866,3,10,0,,0,43,0,0,0,02008,1,7,1,1406,1355,1534,1530,WN,488,N312SW,88,95,73,4,11,LAS,SFO,414,5,10,0,,0,NA,NA,NA,NA,NA2008,1,7,1,1022,910,1157,1045,WN,619,N304SW,95,95,75,72,72,LAS,SFO,414,5,15,0,,0,0,0,72,0,02008,1,7,1,1659,1700,1834,1835,WN,2005,N690SW,95,95,73,-1,-1,LAS,SFO,414,4,18,0,,0,NA,NA,NA,NA,NA2008,1,7,1,1928,1905,2105,2040,WN,2788,N307SW,97,95,69,25,23,LAS,SFO,414,9,19,0,,0,13,0,2,0,102008,1,7,1,604,605,739,740,WN,2886,N488WN,95,95,74,-1,-1,LAS,SFO,414,6,15,0,,0,NA,NA,NA,NA,NA2008,1,7,1,2101,2105,2229,2240,WN,3061,N745SW,88,95,71,-11,-4,LAS,SFO,414,4,13,0,,0,NA,NA,NA,NA,NA2008,1,7,1,1213,1215,1354,1350,WN,3575,N710SW,101,95,69,4,-2,LAS,SFO,414,4,28,0,,0,NA,NA,NA,NA,NA2008,1,7,1,1243,1235,1420,1400,WN,12,N326SW,97,85,69,20,8,LAS,SJC,386,2,26,0,,0,0,0,12,0,82008,1,7,1,608,610,746,730,WN,276,N339SW,98,80,80,16,-2,LAS,SJC,386,4,14,0,,0,0,0,16,0,02008,1,7,1,1941,1945,2105,2105,WN,400,N275WN,84,80,66,0,-4,LAS,SJC,386,3,15,0,,0,NA,NA,NA,NA,NA2008,1,7,1,1853,1855,2007,2020,WN,484,N311SW,74,85,63,-13,-2,LAS,SJC,386,3,8,0,,0,NA,NA,NA,NA,NA2008,1,7,1,2048,2040,2219,2200,WN,774,N771SA,91,80,64,19,8,LAS,SJC,386,20,7,0,,0,0,0,11,0,82008,1,7,1,1619,1520,1759,1645,WN,783,N337SW,100,85,65,74,59,LAS,SJC,386,10,25,0,,0,0,0,15,0,592008,1,7,1,956,1000,1124,1125,WN,1945,N271WN,88,85,71,-1,-4,LAS,SJC,386,2,15,0,,0,NA,NA,NA,NA,NA2008,1,7,1,734,730,900,855,WN,2387,N490WN,86,85,71,5,4,LAS,SJC,386,2,13,0,,0,NA,NA,NA,NA,NA2008,1,7,1,1709,1655,1838,1820,WN,3844,N211WN,89,85,65,18,14,LAS,SJC,386,5,19,0,,0,14,0,4,0,02008,1,7,1,1119,1100,1400,1320,WN,161,N477WN,101,80,59,40,19,LAS,SLC,368,20,22,0,,0,9,0,21,0,102008,1,7,1,1914,1905,2128,2120,WN,415,N692SW,74,75,59,8,9,LAS,SLC,368,3,12,0,,0,NA,NA,NA,NA,NA2008,1,7,1,828,830,1048,1050,WN,643,N784SW,80,80,59,-2,-2,LAS,SLC,368,7,14,0,,0,NA,NA,NA,NA,NA2008,1,7,1,2050,2050,2258,2305,WN,1166,N410WN,68,75,57,-7,0,LAS,SLC,368,3,8,0,,0,NA,NA,NA,NA,NA2008,1,7,1,1552,1555,1808,1820,WN,1585,N258WN,76,85,56,-12,-3,LAS,SLC,368,3,17,0,,0,NA,NA,NA,NA,NA2008,1,7,1,1433,1355,1645,1615,WN,1660,N640SW,72,80,57,30,38,LAS,SLC,368,3,12,0,,0,9,0,0,0,212008,1,7,1,2137,2140,2348,2355,WN,2533,N254WN,71,75,59,-7,-3,LAS,SLC,368,3,9,0,,0,NA,NA,NA,NA,NA2008,1,7,1,613,615,829,835,WN,3147,N469WN,76,80,58,-6,-2,LAS,SLC,368,3,15,0,,0,NA,NA,NA,NA,NA2008,1,7,1,1919,1910,2041,2035,WN,94,N287WN,82,85,67,6,9,LAS,SMF,397,4,11,0,,0,NA,NA,NA,NA,NA2008,1,7,1,1435,1350,1604,1520,WN,584,N656SW,89,90,71,44,45,LAS,SMF,397,4,14,0,,0,0,0,0,0,442008,1,7,1,638,640,811,805,WN,624,N367SW,93,85,77,6,-2,LAS,SMF,397,4,12,0,,0,NA,NA,NA,NA,NA2008,1,7,1,1736,1730,1904,1855,WN,641,N653SW,88,85,68,9,6,LAS,SMF,397,4,16,0,,0,NA,NA,NA,NA,NA2008,1,7,1,904,905,1041,1035,WN,2121,N386SW,97,90,76,6,-1,LAS,SMF,397,5,16,0,,0,NA,NA,NA,NA,NA2008,1,7,1,1115,1115,1243,1250,WN,2622,N438WN,88,95,71,-7,0,LAS,SMF,397,5,12,0,,0,NA,NA,NA,NA,NA2008,1,7,1,1516,1515,1647,1645,WN,3053,N231WN,91,90,71,2,1,LAS,SMF,397,3,17,0,,0,NA,NA,NA,NA,NA2008,1,7,1,2202,2100,2326,2225,WN,3862,N638SW,84,85,68,61,62,LAS,SMF,397,5,11,0,,0,0,0,0,0,612008,1,7,1,1931,1935,2033,2035,WN,201,N792SW,62,60,40,-2,-4,LAS,SNA,226,5,17,0,,0,NA,NA,NA,NA,NA2008,1,7,1,1302,1305,1358,1410,WN,300,N225WN,56,65,42,-12,-3,LAS,SNA,226,4,10,0,,0,NA,NA,NA,NA,NA2008,1,7,1,1822,1820,1923,1925,WN,433,N259WN,61,65,42,-2,2,LAS,SNA,226,7,12,0,,0,NA,NA,NA,NA,NA2008,1,7,1,1005,1010,1117,1110,WN,1016,N705SW,72,60,49,7,-5,LAS,SNA,226,4,19,0,,0,NA,NA,NA,NA,NA2008,1,7,1,1458,1500,1601,1605,WN,1479,N479WN,63,65,40,-4,-2,LAS,SNA,226,4,19,0,,0,NA,NA,NA,NA,NA2008,1,7,1,749,750,850,850,WN,3250,N291WN,61,60,44,0,-1,LAS,SNA,226,4,13,0,,0,NA,NA,NA,NA,NA2008,1,7,1,1118,1050,1624,1600,WN,773,N329SW,186,190,161,24,28,LAS,STL,1372,5,20,0,,0,0,0,0,0,242008,1,7,1,1544,1530,2041,2040,WN,1050,N443WN,177,190,154,1,14,LAS,STL,1372,4,19,0,,0,NA,NA,NA,NA,NA2008,1,7,1,1853,1855,2400,2355,WN,1583,N626SW,187,180,172,5,-2,LAS,STL,1372,5,10,0,,0,NA,NA,NA,NA,NA2008,1,7,1,1722,1725,21,35,WN,3403,N724SW,239,250,224,-14,-3,LAS,TPA,1984,5,10,0,,0,NA,NA,NA,NA,NA2008,1,7,1,1041,1035,1516,1505,WN,574,N661SW,155,150,138,11,6,LAS,TUL,1076,3,14,0,,0,NA,NA,NA,NA,NA2008,1,7,1,2115,2115,2318,2330,WN,486,N259WN,63,75,50,-12,0,LAS,TUS,365,4,9,0,,0,NA,NA,NA,NA,NA2008,1,7,1,1820,1725,2025,1940,WN,637,N636WN,65,75,51,45,55,LAS,TUS,365,3,11,0,,0,0,0,3,0,422008,1,7,1,718,720,925,935,WN,1059,N403WN,67,75,50,-10,-2,LAS,TUS,365,3,14,0,,0,NA,NA,NA,NA,NA2008,1,7,1,1327,1320,1541,1535,WN,1918,N690SW,74,75,50,6,7,LAS,TUS,365,4,20,0,,0,NA,NA,NA,NA,NA2008,1,7,1,2034,2030,2238,2240,WN,3142,N211WN,64,70,51,-2,4,LAS,TUS,365,4,9,0,,0,NA,NA,NA,NA,NA2008,1,7,1,1117,1050,1321,1305,WN,3572,N280WN,64,75,50,16,27,LAS,TUS,365,4,10,0,,0,0,0,0,0,162008,1,7,1,1705,1710,1939,1955,WN,230,N618WN,94,105,84,-16,-5,LAX,ABQ,677,5,5,0,,0,NA,NA,NA,NA,NA2008,1,7,1,2057,2025,2332,2310,WN,361,N713SW,95,105,84,22,32,LAX,ABQ,677,4,7,0,,0,3,0,0,0,192008,1,7,1,1324,1315,1557,1600,WN,397,N442WN,93,105,83,-3,9,LAX,ABQ,677,3,7,0,,0,NA,NA,NA,NA,NA2008,1,7,1,1000,940,1239,1225,WN,3245,N253WN,99,105,84,14,20,LAX,ABQ,677,6,9,0,,0,NA,NA,NA,NA,NA2008,1,7,1,1027,1015,1504,1505,WN,304,N309SW,157,170,143,-1,12,LAX,AUS,1242,5,9,0,,0,NA,NA,NA,NA,NA2008,1,7,1,810,815,1341,1400,WN,133,N294WN,211,225,201,-19,-5,LAX,BNA,1797,4,6,0,,0,NA,NA,NA,NA,NA2008,1,7,1,1539,1540,2114,2125,WN,1107,N474WN,215,225,205,-11,-1,LAX,BNA,1797,5,5,0,,0,NA,NA,NA,NA,NA2008,1,7,1,1424,1255,1953,1840,WN,1324,N240WN,209,225,200,73,89,LAX,BNA,1797,3,6,0,,0,4,0,0,0,692008,1,7,1,1321,1320,1555,1615,WN,330,N499WN,94,115,86,-20,1,LAX,ELP,714,3,5,0,,0,NA,NA,NA,NA,NA2008,1,7,1,1805,1735,2042,2025,WN,1671,N302SW,97,110,85,17,30,LAX,ELP,714,4,8,0,,0,2,0,0,0,152008,1,7,1,956,945,1238,1235,WN,2635,N685SW,102,110,85,3,11,LAX,ELP,714,4,13,0,,0,NA,NA,NA,NA,NA2008,1,7,1,1219,1145,1717,1650,WN,205,N418WN,178,185,163,27,34,LAX,HOU,1390,4,11,0,,0,14,0,0,0,132008,1,7,1,1632,1625,2128,2125,WN,528,N448WN,176,180,161,3,7,LAX,HOU,1390,4,11,0,,0,NA,NA,NA,NA,NA2008,1,7,1,806,805,1258,1310,WN,1513,N675AA,172,185,162,-12,1,LAX,HOU,1390,4,6,0,,0,NA,NA,NA,NA,NA2008,1,7,1,1942,1935,39,35,WN,3394,N221WN,177,180,169,4,7,LAX,HOU,1390,5,3,0,,0,NA,NA,NA,NA,NA2008,1,7,1,1431,1425,1529,1530,WN,416,N451WN,58,65,46,-1,6,LAX,LAS,236,4,8,0,,0,NA,NA,NA,NA,NA2008,1,7,1,1150,1135,1255,1240,WN,479,N436WN,65,65,46,15,15,LAX,LAS,236,7,12,0,,0,15,0,0,0,02008,1,7,1,1636,1640,1744,1745,WN,495,N719SW,68,65,49,-1,-4,LAX,LAS,236,7,12,0,,0,NA,NA,NA,NA,NA2008,1,7,1,903,855,1019,1000,WN,574,N661SW,76,65,50,19,8,LAX,LAS,236,3,23,0,,0,0,0,14,0,52008,1,7,1,1808,1740,1907,1840,WN,1004,N610WN,59,60,45,27,28,LAX,LAS,236,6,8,0,,0,0,0,0,0,272008,1,7,1,1026,1015,1125,1120,WN,1079,N410WN,59,65,46,5,11,LAX,LAS,236,4,9,0,,0,NA,NA,NA,NA,NA2008,1,7,1,626,625,732,730,WN,1669,N283WN,66,65,48,2,1,LAX,LAS,236,5,13,0,,0,NA,NA,NA,NA,NA2008,1,7,1,1531,1530,1630,1635,WN,1843,N283WN,59,65,46,-5,1,LAX,LAS,236,4,9,0,,0,NA,NA,NA,NA,NA2008,1,7,1,1849,1845,1949,1950,WN,2021,N200WN,60,65,45,-1,4,LAX,LAS,236,6,9,0,,0,NA,NA,NA,NA,NA2008,1,7,1,741,740,842,840,WN,2111,N224WN,61,60,46,2,1,LAX,LAS,236,4,11,0,,0,NA,NA,NA,NA,NA2008,1,7,1,2053,2100,2153,2205,WN,2202,N749SW,60,65,47,-12,-7,LAX,LAS,236,3,10,0,,0,NA,NA,NA,NA,NA2008,1,7,1,2140,2140,2238,2245,WN,2454,N767SW,58,65,48,-7,0,LAX,LAS,236,3,7,0,,0,NA,NA,NA,NA,NA2008,1,7,1,1959,1955,2059,2055,WN,2809,N685SW,60,60,48,4,4,LAX,LAS,236,3,9,0,,0,NA,NA,NA,NA,NA2008,1,7,1,1402,1335,1454,1440,WN,3144,N752SW,52,65,43,14,27,LAX,LAS,236,4,5,0,,0,NA,NA,NA,NA,NA2008,1,7,1,1316,1310,1810,1825,WN,321,N606SW,174,195,160,-15,6,LAX,MCI,1363,7,7,0,,0,NA,NA,NA,NA,NA2008,1,7,1,1135,1125,1622,1640,WN,1668,N250WN,167,195,154,-18,10,LAX,MCI,1363,5,8,0,,0,NA,NA,NA,NA,NA2008,1,7,1,1835,1835,2326,2345,WN,2208,N386SW,171,190,159,-19,0,LAX,MCI,1363,5,7,0,,0,NA,NA,NA,NA,NA2008,1,7,1,630,630,1140,1140,WN,3495,N312SW,190,190,170,0,0,LAX,MCI,1363,3,17,0,,0,NA,NA,NA,NA,NA2008,1,7,1,1625,1625,2203,2215,WN,108,N550WN,218,230,205,-12,0,LAX,MDW,1750,5,8,0,,0,NA,NA,NA,NA,NA2008,1,7,1,854,850,1427,1440,WN,224,N235WN,213,230,201,-13,4,LAX,MDW,1750,4,8,0,,0,NA,NA,NA,NA,NA2008,1,7,1,1245,1240,NA,1835,WN,245,N262WN,NA,235,NA,NA,5,LAX,MDW,1750,NA,6,0,,1,NA,NA,NA,NA,NA2008,1,7,1,1452,1445,2030,2040,WN,771,N297WN,218,235,201,-10,7,LAX,MDW,1750,7,10,0,,0,NA,NA,NA,NA,NA2008,1,7,1,943,945,1517,1540,WN,1014,N476WN,214,235,200,-23,-2,LAX,MDW,1750,4,10,0,,0,NA,NA,NA,NA,NA2008,1,7,1,626,625,1205,1220,WN,1930,N242WN,219,235,203,-15,1,LAX,MDW,1750,6,10,0,,0,NA,NA,NA,NA,NA2008,1,7,1,1759,1755,2339,2350,WN,3588,N409WN,220,235,207,-11,4,LAX,MDW,1750,5,8,0,,0,NA,NA,NA,NA,NA2008,1,7,1,1001,1000,1116,1115,WN,184,N711HK,75,75,60,1,1,LAX,OAK,337,6,9,0,,0,NA,NA,NA,NA,NA2008,1,7,1,1855,1900,2008,2015,WN,303,N459WN,73,75,58,-7,-5,LAX,OAK,337,7,8,0,,0,NA,NA,NA,NA,NA2008,1,7,1,859,900,1012,1015,WN,418,N204WN,73,75,61,-3,-1,LAX,OAK,337,6,6,0,,0,NA,NA,NA,NA,NA2008,1,7,1,1355,1400,1509,1515,WN,420,N245WN,74,75,57,-6,-5,LAX,OAK,337,4,13,0,,0,NA,NA,NA,NA,NA2008,1,7,1,1510,1500,1618,1615,WN,430,N446WN,68,75,58,3,10,LAX,OAK,337,5,5,0,,0,NA,NA,NA,NA,NA2008,1,7,1,1727,1730,1841,1845,WN,440,N429WN,74,75,58,-4,-3,LAX,OAK,337,5,11,0,,0,NA,NA,NA,NA,NA2008,1,7,1,2137,2100,2246,2215,WN,724,N636WN,69,75,58,31,37,LAX,OAK,337,4,7,0,,0,0,0,0,0,312008,1,7,1,1929,1930,2043,2045,WN,810,N683SW,74,75,60,-2,-1,LAX,OAK,337,4,10,0,,0,NA,NA,NA,NA,NA2008,1,7,1,1758,1800,1916,1915,WN,829,N739GB,78,75,59,1,-2,LAX,OAK,337,13,6,0,,0,NA,NA,NA,NA,NA2008,1,7,1,1840,1830,1952,1945,WN,1026,N415WN,72,75,59,7,10,LAX,OAK,337,6,7,0,,0,NA,NA,NA,NA,NA2008,1,7,1,1435,1430,1550,1545,WN,1032,N280WN,75,75,58,5,5,LAX,OAK,337,5,12,0,,0,NA,NA,NA,NA,NA2008,1,7,1,1705,1700,1814,1815,WN,1061,N780SW,69,75,58,-1,5,LAX,OAK,337,5,6,0,,0,NA,NA,NA,NA,NA2008,1,7,1,1633,1630,1746,1745,WN,1135,N346SW,73,75,58,1,3,LAX,OAK,337,4,11,0,,0,NA,NA,NA,NA,NA2008,1,7,1,1101,1100,1217,1215,WN,1146,N403WN,76,75,61,2,1,LAX,OAK,337,6,9,0,,0,NA,NA,NA,NA,NA2008,1,7,1,1559,1600,1709,1715,WN,1168,N326SW,70,75,60,-6,-1,LAX,OAK,337,5,5,0,,0,NA,NA,NA,NA,NA2008,1,7,1,2001,2000,2116,2115,WN,1414,N460WN,75,75,59,1,1,LAX,OAK,337,5,11,0,,0,NA,NA,NA,NA,NA2008,1,7,1,1300,1300,1412,1415,WN,1655,N688SW,72,75,57,-3,0,LAX,OAK,337,4,11,0,,0,NA,NA,NA,NA,NA2008,1,7,1,600,600,715,720,WN,2104,N499WN,75,80,61,-5,0,LAX,OAK,337,7,7,0,,0,NA,NA,NA,NA,NA2008,1,7,1,759,800,912,915,WN,2639,N742SW,73,75,61,-3,-1,LAX,OAK,337,5,7,0,,0,NA,NA,NA,NA,NA2008,1,7,1,1203,1200,1313,1315,WN,3655,N709SW,70,75,59,-2,3,LAX,OAK,337,4,7,0,,0,NA,NA,NA,NA,NA2008,1,7,1,700,700,820,815,WN,3756,N665WN,80,75,66,5,0,LAX,OAK,337,6,8,0,,0,NA,NA,NA,NA,NA2008,1,7,1,1559,1600,1807,1815,WN,90,N334SW,68,75,56,-8,-1,LAX,PHX,370,4,8,0,,0,NA,NA,NA,NA,NA2008,1,7,1,1725,1725,1932,1940,WN,109,N232WN,67,75,56,-8,0,LAX,PHX,370,4,7,0,,0,NA,NA,NA,NA,NA2008,1,7,1,820,815,1108,1030,WN,236,N461WN,108,75,96,38,5,LAX,PHX,370,5,7,0,,0,0,0,38,0,02008,1,7,1,559,600,805,815,WN,277,N352SW,66,75,54,-10,-1,LAX,PHX,370,5,7,0,,0,NA,NA,NA,NA,NA2008,1,7,1,1826,1830,2033,2045,WN,314,N615SW,67,75,55,-12,-4,LAX,PHX,370,6,6,0,,0,NA,NA,NA,NA,NA2008,1,7,1,1953,1905,2204,2115,WN,386,N272WN,71,70,58,49,48,LAX,PHX,370,5,8,0,,0,0,0,1,0,482008,1,7,1,1153,1150,1436,1405,WN,463,N636WN,103,75,87,31,3,LAX,PHX,370,5,11,0,,0,0,0,31,0,02008,1,7,1,2037,2040,2247,2250,WN,520,N265WN,70,70,53,-3,-3,LAX,PHX,370,4,13,0,,0,NA,NA,NA,NA,NA2008,1,7,1,1435,1440,1653,1655,WN,746,N746SW,78,75,57,-2,-5,LAX,PHX,370,15,6,0,,0,NA,NA,NA,NA,NA2008,1,7,1,1031,1005,1337,1220,WN,1058,N449WN,126,75,97,77,26,LAX,PHX,370,5,24,0,,0,18,0,51,0,82008,1,7,1,939,920,1157,1135,WN,1155,N267WN,78,75,62,22,19,LAX,PHX,370,6,10,0,,0,0,0,22,0,02008,1,7,1,1338,1335,1558,1550,WN,2015,N458WN,80,75,57,8,3,LAX,PHX,370,6,17,0,,0,NA,NA,NA,NA,NA2008,1,7,1,638,635,945,850,WN,2452,N290WN,127,75,86,55,3,LAX,PHX,370,6,35,0,,0,0,0,55,0,02008,1,7,1,1718,1720,1833,1835,WN,225,N265WN,75,75,62,-2,-2,LAX,RNO,390,3,10,0,,0,NA,NA,NA,NA,NA2008,1,7,1,847,845,1004,1005,WN,1844,N332SW,77,80,66,-1,2,LAX,RNO,390,4,7,0,,0,NA,NA,NA,NA,NA2008,1,7,1,1414,1400,1529,1520,WN,2360,N370SW,75,80,61,9,14,LAX,RNO,390,4,10,0,,0,NA,NA,NA,NA,NA2008,1,7,1,1152,1150,1623,1635,WN,2624,N374SW,151,165,137,-12,2,LAX,SAT,1210,3,11,0,,0,NA,NA,NA,NA,NA2008,1,7,1,709,710,825,835,WN,457,N796SW,76,85,58,-10,-1,LAX,SFO,337,8,10,0,,0,NA,NA,NA,NA,NA2008,1,7,1,NA,905,NA,1025,WN,469,,NA,80,NA,NA,NA,LAX,SFO,337,NA,NA,1,C,0,NA,NA,NA,NA,NA2008,1,7,1,1952,1955,2107,2115,WN,593,N720WN,75,80,58,-8,-3,LAX,SFO,337,6,11,0,,0,NA,NA,NA,NA,NA2008,1,7,1,1620,1620,1733,1740,WN,618,N720WN,73,80,59,-7,0,LAX,SFO,337,6,8,0,,0,NA,NA,NA,NA,NA2008,1,7,1,1813,1805,1921,1930,WN,646,N796SW,68,85,56,-9,8,LAX,SFO,337,4,8,0,,0,NA,NA,NA,NA,NA2008,1,7,1,1526,1430,1634,1550,WN,656,N796SW,68,80,58,44,56,LAX,SFO,337,3,7,0,,0,32,0,0,0,122008,1,7,1,1128,1050,1237,1210,WN,680,N796SW,69,80,58,27,38,LAX,SFO,337,5,6,0,,0,0,0,19,0,82008,1,7,1,1243,1245,1352,1405,WN,776,N720WN,69,80,58,-13,-2,LAX,SFO,337,4,7,0,,0,NA,NA,NA,NA,NA2008,1,7,1,NA,1455,NA,1600,WN,173,,NA,65,NA,NA,NA,LAX,SJC,308,NA,NA,1,A,0,NA,NA,NA,NA,NA2008,1,7,1,1553,1525,1654,1630,WN,232,N433LV,61,65,52,24,28,LAX,SJC,308,3,6,0,,0,0,0,3,0,212008,1,7,1,2005,2000,2110,2105,WN,343,N674AA,65,65,55,5,5,LAX,SJC,308,2,8,0,,0,NA,NA,NA,NA,NA2008,1,7,1,615,615,732,720,WN,712,N329SW,77,65,64,12,0,LAX,SJC,308,3,10,0,,0,NA,NA,NA,NA,NA2008,1,7,1,1155,1130,1304,1235,WN,769,N622SW,69,65,54,29,25,LAX,SJC,308,2,13,0,,0,2,0,4,0,232008,1,7,1,2032,2035,2136,2140,WN,1113,N783SW,64,65,52,-4,-3,LAX,SJC,308,4,8,0,,0,NA,NA,NA,NA,NA2008,1,7,1,1440,1425,1548,1530,WN,1609,N610WN,68,65,53,18,15,LAX,SJC,308,2,13,0,,0,0,0,7,0,112008,1,7,1,911,910,1013,1015,WN,1764,N433LV,62,65,54,-2,1,LAX,SJC,308,2,6,0,,0,NA,NA,NA,NA,NA2008,1,7,1,1828,1825,1935,1930,WN,2359,N254WN,67,65,54,5,3,LAX,SJC,308,3,10,0,,0,NA,NA,NA,NA,NA2008,1,7,1,1928,1930,2033,2035,WN,2528,N445WN,65,65,52,-2,-2,LAX,SJC,308,3,10,0,,0,NA,NA,NA,NA,NA2008,1,7,1,852,740,1000,850,WN,2561,N748SW,68,70,57,70,72,LAX,SJC,308,4,7,0,,0,1,0,0,0,692008,1,7,1,1256,1240,1401,1350,WN,2820,N646SW,65,70,54,11,16,LAX,SJC,308,3,8,0,,0,NA,NA,NA,NA,NA2008,1,7,1,1005,1000,1109,1105,WN,2969,N631SW,64,65,53,4,5,LAX,SJC,308,3,8,0,,0,NA,NA,NA,NA,NA2008,1,7,1,1717,1700,1819,1805,WN,3149,N781WN,62,65,52,14,17,LAX,SJC,308,3,7,0,,0,NA,NA,NA,NA,NA2008,1,7,1,1339,1330,1617,1615,WN,554,N653SW,98,105,85,2,9,LAX,SLC,590,2,11,0,,0,NA,NA,NA,NA,NA2008,1,7,1,1044,1045,1329,1330,WN,963,N605SW,105,105,95,-1,-1,LAX,SLC,590,3,7,0,,0,NA,NA,NA,NA,NA2008,1,7,1,658,650,937,940,WN,973,N763SW,99,110,86,-3,8,LAX,SLC,590,6,7,0,,0,NA,NA,NA,NA,NA2008,1,7,1,2011,2010,2246,2255,WN,1485,N750SA,95,105,84,-9,1,LAX,SLC,590,3,8,0,,0,NA,NA,NA,NA,NA2008,1,7,1,1651,1650,1927,1935,WN,2899,N622SW,96,105,86,-8,1,LAX,SLC,590,4,6,0,,0,NA,NA,NA,NA,NA2008,1,7,1,1104,1100,1232,1220,WN,92,N428WN,88,80,67,12,4,LAX,SMF,373,7,14,0,,0,NA,NA,NA,NA,NA2008,1,7,1,824,810,944,930,WN,337,N268WN,80,80,69,14,14,LAX,SMF,373,5,6,0,,0,NA,NA,NA,NA,NA2008,1,7,1,1908,1910,2027,2025,WN,1015,N315SW,79,75,67,2,-2,LAX,SMF,373,6,6,0,,0,NA,NA,NA,NA,NA2008,1,7,1,609,610,738,735,WN,1234,N305SW,89,85,71,3,-1,LAX,SMF,373,6,12,0,,0,NA,NA,NA,NA,NA2008,1,7,1,858,900,1015,1020,WN,1486,N640SW,77,80,67,-5,-2,LAX,SMF,373,4,6,0,,0,NA,NA,NA,NA,NA2008,1,7,1,2124,2125,2244,2245,WN,2437,N246LV,80,80,64,-1,-1,LAX,SMF,373,5,11,0,,0,NA,NA,NA,NA,NA2008,1,7,1,1518,1505,1638,1620,WN,2720,N398SW,80,75,64,18,13,LAX,SMF,373,4,12,0,,0,0,0,5,0,132008,1,7,1,1348,1350,1509,1510,WN,2985,N766SW,81,80,65,-1,-2,LAX,SMF,373,5,11,0,,0,NA,NA,NA,NA,NA2008,1,7,1,1709,1715,1827,1830,WN,3155,N362SW,78,75,66,-3,-6,LAX,SMF,373,5,7,0,,0,NA,NA,NA,NA,NA2008,1,7,1,2100,2035,2217,2155,WN,3584,N483WN,77,80,64,22,25,LAX,SMF,373,3,10,0,,0,10,0,0,0,122008,1,7,1,1657,1655,2214,2225,WN,71,N378SW,197,210,185,-11,2,LAX,STL,1593,3,9,0,,0,NA,NA,NA,NA,NA2008,1,7,1,1340,1345,1558,1600,WN,75,N265WN,78,75,59,-2,-5,LAX,TUS,451,3,16,0,,0,NA,NA,NA,NA,NA2008,1,7,1,1933,1850,2147,2105,WN,1044,N337SW,74,75,58,42,43,LAX,TUS,451,5,11,0,,0,0,0,0,0,422008,1,7,1,725,725,934,940,WN,2378,N482WN,69,75,59,-6,0,LAX,TUS,451,4,6,0,,0,NA,NA,NA,NA,NA2008,1,7,1,1656,1655,1908,1910,WN,3048,N384SW,72,75,58,-2,1,LAX,TUS,451,5,9,0,,0,NA,NA,NA,NA,NA2008,1,7,1,1040,1040,1252,1300,WN,3831,N712SW,72,80,58,-8,0,LAX,TUS,451,6,8,0,,0,NA,NA,NA,NA,NA2008,1,7,1,2039,2040,2249,2300,WN,3939,N349SW,70,80,59,-11,-1,LAX,TUS,451,4,7,0,,0,NA,NA,NA,NA,NA2008,1,7,1,1906,1910,1906,1915,WN,160,N498WN,60,65,48,-9,-4,LBB,ABQ,289,4,8,0,,0,NA,NA,NA,NA,NA2008,1,7,1,1805,1745,1903,1850,WN,555,N527SW,58,65,48,13,20,LBB,AUS,341,3,7,0,,0,NA,NA,NA,NA,NA2008,1,7,1,749,655,848,800,WN,2974,N745SW,59,65,49,48,54,LBB,AUS,341,4,6,0,,0,48,0,0,0,02008,1,7,1,837,840,934,940,WN,15,N394SW,57,60,46,-6,-3,LBB,DAL,293,3,8,0,,0,NA,NA,NA,NA,NA2008,1,7,1,1011,1010,1109,1110,WN,21,N511SW,58,60,49,-1,1,LBB,DAL,293,3,6,0,,0,NA,NA,NA,NA,NA2008,1,7,1,1340,1340,1440,1440,WN,35,N519SW,60,60,47,0,0,LBB,DAL,293,3,10,0,,0,NA,NA,NA,NA,NA2008,1,7,1,1637,1640,1738,1740,WN,141,N602SW,61,60,49,-2,-3,LBB,DAL,293,4,8,0,,0,NA,NA,NA,NA,NA2008,1,7,1,613,615,709,715,WN,906,N627SW,56,60,44,-6,-2,LBB,DAL,293,4,8,0,,0,NA,NA,NA,NA,NA2008,1,7,1,1817,1815,1911,1915,WN,1312,N511SW,54,60,46,-4,2,LBB,DAL,293,3,5,0,,0,NA,NA,NA,NA,NA2008,1,7,1,1523,1525,1623,1625,WN,2382,N795SW,60,60,48,-2,-2,LBB,DAL,293,4,8,0,,0,NA,NA,NA,NA,NA2008,1,7,1,2007,2010,2105,2110,WN,2542,N726SW,58,60,51,-5,-3,LBB,DAL,293,3,4,0,,0,NA,NA,NA,NA,NA2008,1,7,1,912,915,912,915,WN,1028,N255WN,60,60,51,-3,-3,LBB,ELP,295,3,6,0,,0,NA,NA,NA,NA,NA2008,1,7,1,1153,1155,1203,1210,WN,573,N455WN,130,135,116,-7,-2,LBB,LAS,775,6,8,0,,0,NA,NA,NA,NA,NA2008,1,7,1,1621,1550,1924,1900,WN,438,N629SW,123,130,111,24,31,LIT,BWI,912,4,8,0,,0,0,0,0,0,242008,1,7,1,704,705,808,810,WN,7,N498WN,64,65,52,-2,-1,LIT,DAL,296,3,9,0,,0,NA,NA,NA,NA,NA2008,1,7,1,1459,1500,1603,1605,WN,41,N423WN,64,65,53,-2,-1,LIT,DAL,296,5,6,0,,0,NA,NA,NA,NA,NA2008,1,7,1,1707,1705,1810,1810,WN,49,N504SW,63,65,53,0,2,LIT,DAL,296,3,7,0,,0,NA,NA,NA,NA,NA2008,1,7,1,1240,1235,1339,1340,WN,700,N331SW,59,65,50,-1,5,LIT,DAL,296,3,6,0,,0,NA,NA,NA,NA,NA2008,1,7,1,1056,1100,1158,1205,WN,2177,N507SW,62,65,52,-7,-4,LIT,DAL,296,3,7,0,,0,NA,NA,NA,NA,NA2008,1,7,1,1945,1950,2054,2055,WN,2263,N506SW,69,65,56,-1,-5,LIT,DAL,296,5,8,0,,0,NA,NA,NA,NA,NA2008,1,7,1,803,805,904,910,WN,3748,N308SA,61,65,53,-6,-2,LIT,DAL,296,3,5,0,,0,NA,NA,NA,NA,NA2008,1,7,1,1401,1405,1521,1530,WN,231,N740SW,80,85,70,-9,-4,LIT,HOU,393,5,5,0,,0,NA,NA,NA,NA,NA2008,1,7,1,1311,1310,1436,1440,WN,3053,N231WN,205,210,191,-4,1,LIT,LAS,1295,7,7,0,,0,NA,NA,NA,NA,NA2008,1,7,1,1033,1035,1159,1215,WN,8,N528SW,86,100,76,-16,-2,LIT,MDW,544,5,5,0,,0,NA,NA,NA,NA,NA2008,1,7,1,731,730,1000,945,WN,250,N611SW,209,195,199,15,1,LIT,PHX,1136,4,6,0,,0,0,0,15,0,02008,1,7,1,1822,1815,1928,1920,WN,3168,N503SW,66,65,53,8,7,LIT,STL,296,4,9,0,,0,NA,NA,NA,NA,NA2008,1,7,1,640,640,740,745,WN,3757,N211WN,60,65,49,-5,0,LIT,STL,296,3,8,0,,0,NA,NA,NA,NA,NA2008,1,7,1,1126,1130,1133,1135,WN,10,N302SW,67,65,54,-2,-4,MAF,ABQ,332,5,8,0,,0,NA,NA,NA,NA,NA2008,1,7,1,733,735,827,835,WN,1194,N654SW,54,60,46,-8,-2,MAF,AUS,294,3,5,0,,0,NA,NA,NA,NA,NA2008,1,7,1,1916,1830,2006,1925,WN,2374,N323SW,50,55,41,41,46,MAF,AUS,294,3,6,0,,0,0,0,0,0,412008,1,7,1,1532,1535,1628,1635,WN,43,N763SW,56,60,50,-7,-3,MAF,DAL,319,2,4,0,,0,NA,NA,NA,NA,NA2008,1,7,1,1800,1805,1903,1905,WN,53,N520SW,63,60,46,-2,-5,MAF,DAL,319,6,11,0,,0,NA,NA,NA,NA,NA2008,1,7,1,2030,1945,2130,2045,WN,271,N512SW,60,60,51,45,45,MAF,DAL,319,3,6,0,,0,0,0,0,0,452008,1,7,1,913,915,1015,1015,WN,914,N363SW,62,60,54,0,-2,MAF,DAL,319,2,6,0,,0,NA,NA,NA,NA,NA2008,1,7,1,629,630,731,730,WN,974,N234WN,62,60,52,1,-1,MAF,DAL,319,4,6,0,,0,NA,NA,NA,NA,NA2008,1,7,1,1302,1305,1358,1405,WN,1430,N644SW,56,60,46,-7,-3,MAF,DAL,319,3,7,0,,0,NA,NA,NA,NA,NA2008,1,7,1,700,705,823,820,WN,539,N399WN,83,75,74,3,-5,MAF,HOU,441,2,7,0,,0,NA,NA,NA,NA,NA2008,1,7,1,1446,1450,1604,1605,WN,3828,N522SW,78,75,66,-1,-4,MAF,HOU,441,4,8,0,,0,NA,NA,NA,NA,NA2008,1,7,1,1727,1730,1752,1750,WN,317,N685SW,145,140,134,2,-3,MAF,LAS,796,3,8,0,,0,NA,NA,NA,NA,NA2008,1,7,1,1844,1850,1947,2000,WN,1493,N613SW,123,130,111,-13,-6,MCI,ABQ,718,3,9,0,,0,NA,NA,NA,NA,NA2008,1,7,1,846,850,1004,1000,WN,1655,N688SW,138,130,122,4,-4,MCI,ABQ,718,5,11,0,,0,NA,NA,NA,NA,NA2008,1,7,1,809,810,933,935,WN,112,N501SW,84,85,74,-2,-1,MCI,BNA,491,2,8,0,,0,NA,NA,NA,NA,NA2008,1,7,1,1146,1150,1305,1310,WN,290,N415WN,79,80,66,-5,-4,MCI,BNA,491,4,9,0,,0,NA,NA,NA,NA,NA2008,1,7,1,2204,2115,2325,2235,WN,1568,N463WN,81,80,67,50,49,MCI,BNA,491,5,9,0,,0,0,0,1,0,492008,1,7,1,1703,1710,1838,1835,WN,1668,N250WN,95,85,68,3,-7,MCI,BNA,491,21,6,0,,0,NA,NA,NA,NA,NA2008,1,7,1,642,645,949,1005,WN,3062,N781WN,127,140,115,-16,-3,MCI,BWI,967,4,8,0,,0,NA,NA,NA,NA,NA2008,1,7,1,1350,1350,1704,1710,WN,3320,N249WN,134,140,117,-6,0,MCI,BWI,967,5,12,0,,0,NA,NA,NA,NA,NA2008,1,7,1,1928,1930,2243,2250,WN,3829,N709SW,135,140,122,-7,-2,MCI,BWI,967,3,10,0,,0,NA,NA,NA,NA,NA2008,1,7,1,721,725,856,900,WN,11,N672SW,95,95,80,-4,-4,MCI,DAL,461,4,11,0,,0,NA,NA,NA,NA,NA2008,1,7,1,947,910,1121,1040,WN,19,N521SW,94,90,80,41,37,MCI,DAL,461,3,11,0,,0,0,0,4,0,372008,1,7,1,1230,1235,1404,1405,WN,33,N513SW,94,90,78,-1,-5,MCI,DAL,461,4,12,0,,0,NA,NA,NA,NA,NA2008,1,7,1,1907,1910,2055,2040,WN,59,N523SW,108,90,91,15,-3,MCI,DAL,461,3,14,0,,0,0,0,15,0,02008,1,7,1,1604,1605,1748,1735,WN,2010,N779SW,104,90,90,13,-1,MCI,DAL,461,2,12,0,,0,NA,NA,NA,NA,NA2008,1,7,1,2056,2100,2231,2230,WN,3239,N632SW,95,90,85,1,-4,MCI,DAL,461,4,6,0,,0,NA,NA,NA,NA,NA2008,1,7,1,1055,1055,1142,1145,WN,454,N509SW,107,110,91,-3,0,MCI,DEN,533,6,10,0,,0,NA,NA,NA,NA,NA2008,1,7,1,1910,1855,1952,1940,WN,977,N310SW,102,105,85,12,15,MCI,DEN,533,5,12,0,,0,NA,NA,NA,NA,NA2008,1,7,1,1441,1440,1528,1525,WN,1151,N676SW,107,105,88,3,1,MCI,DEN,533,7,12,0,,0,NA,NA,NA,NA,NA2008,1,7,1,628,630,711,720,WN,1235,N626SW,103,110,88,-9,-2,MCI,DEN,533,6,9,0,,0,NA,NA,NA,NA,NA2008,1,7,1,1007,1010,1226,1230,WN,4,N770SA,79,80,60,-4,-3,MCI,IND,451,8,11,0,,0,NA,NA,NA,NA,NA2008,1,7,1,1848,1850,2132,2110,WN,321,N606SW,104,80,66,22,-2,MCI,IND,451,25,13,0,,0,0,0,22,0,02008,1,7,1,1425,1420,1546,1535,WN,187,N395SW,201,195,178,11,5,MCI,LAS,1140,4,19,0,,0,NA,NA,NA,NA,NA2008,1,7,1,1212,1210,1327,1320,WN,488,N312SW,195,190,177,7,2,MCI,LAS,1140,4,14,0,,0,NA,NA,NA,NA,NA2008,1,7,1,1729,1725,1842,1835,WN,962,N665WN,193,190,178,7,4,MCI,LAS,1140,5,10,0,,0,NA,NA,NA,NA,NA2008,1,7,1,656,655,811,810,WN,1670,N606SW,195,195,177,1,1,MCI,LAS,1140,7,11,0,,0,NA,NA,NA,NA,NA2008,1,7,1,859,900,1011,1010,WN,2193,N648SW,192,190,176,1,-1,MCI,LAS,1140,3,13,0,,0,NA,NA,NA,NA,NA2008,1,7,1,2025,2020,2124,2130,WN,3774,N901WN,179,190,164,-6,5,MCI,LAS,1140,5,10,0,,0,NA,NA,NA,NA,NA2008,1,7,1,1725,1720,1857,1905,WN,810,N683SW,212,225,200,-8,5,MCI,LAX,1363,5,7,0,,0,NA,NA,NA,NA,NA2008,1,7,1,633,635,811,820,WN,1844,N332SW,218,225,199,-9,-2,MCI,LAX,1363,7,12,0,,0,NA,NA,NA,NA,NA2008,1,7,1,1447,1455,1632,1640,WN,3155,N362SW,225,225,205,-8,-8,MCI,LAX,1363,6,14,0,,0,NA,NA,NA,NA,NA2008,1,7,1,1026,1025,1202,1205,WN,3778,N262WN,216,220,194,-3,1,MCI,LAX,1363,8,14,0,,0,NA,NA,NA,NA,NA2008,1,7,1,1845,1850,2222,2225,WN,730,N784SW,157,155,140,-3,-5,MCI,MCO,1072,7,10,0,,0,NA,NA,NA,NA,NA2008,1,7,1,1301,1245,1642,1625,WN,1949,N603SW,161,160,144,17,16,MCI,MCO,1072,6,11,0,,0,16,0,1,0,02008,1,7,1,705,705,1043,1050,WN,2279,N417WN,158,165,137,-7,0,MCI,MCO,1072,9,12,0,,0,NA,NA,NA,NA,NA2008,1,7,1,1538,1545,1655,1705,WN,26,N727SW,77,80,60,-10,-7,MCI,MDW,405,4,13,0,,0,NA,NA,NA,NA,NA2008,1,7,1,2129,2100,2253,2215,WN,48,N625SW,84,75,68,38,29,MCI,MDW,405,7,9,0,,0,0,29,9,0,02008,1,7,1,832,835,944,955,WN,95,N376SW,72,80,59,-11,-3,MCI,MDW,405,3,10,0,,0,NA,NA,NA,NA,NA2008,1,7,1,1831,1805,NA,1925,WN,154,N747SA,NA,80,NA,NA,26,MCI,MDW,405,NA,11,0,,1,NA,NA,NA,NA,NA2008,1,7,1,1006,1010,1119,1130,WN,308,N669SW,73,80,59,-11,-4,MCI,MDW,405,4,10,0,,0,NA,NA,NA,NA,NA2008,1,7,1,618,615,726,735,WN,424,N647SW,68,80,56,-9,3,MCI,MDW,405,3,9,0,,0,NA,NA,NA,NA,NA2008,1,7,1,715,715,836,835,WN,748,N483WN,81,80,66,1,0,MCI,MDW,405,4,11,0,,0,NA,NA,NA,NA,NA2008,1,7,1,NA,1330,NA,1450,WN,772,,NA,80,NA,NA,NA,MCI,MDW,405,NA,NA,1,A,0,NA,NA,NA,NA,NA2008,1,7,1,1850,1630,2014,1750,WN,1006,N385SW,84,80,60,144,140,MCI,MDW,405,6,18,0,,0,0,60,4,0,802008,1,7,1,1425,1430,1544,1545,WN,1685,N394SW,79,75,62,-1,-5,MCI,MDW,405,3,14,0,,0,NA,NA,NA,NA,NA2008,1,7,1,1209,1215,1317,1335,WN,1916,N515SW,68,80,58,-18,-6,MCI,MDW,405,3,7,0,,0,NA,NA,NA,NA,NA2008,1,7,1,2054,1935,2214,2055,WN,3915,N522SW,80,80,63,79,79,MCI,MDW,405,5,12,0,,0,0,0,79,0,02008,1,7,1,859,900,1054,1100,WN,425,N690SW,235,240,220,-6,-1,MCI,OAK,1489,5,10,0,,0,NA,NA,NA,NA,NA2008,1,7,1,1531,1530,1718,1735,WN,3307,N221WN,227,245,210,-17,1,MCI,OAK,1489,6,11,0,,0,NA,NA,NA,NA,NA2008,1,7,1,615,620,723,730,WN,215,N799SW,68,70,56,-7,-5,MCI,OKC,313,3,9,0,,0,NA,NA,NA,NA,NA2008,1,7,1,1117,1120,1233,1225,WN,449,N514SW,76,65,58,8,-3,MCI,OKC,313,3,15,0,,0,NA,NA,NA,NA,NA2008,1,7,1,110,2125,220,2235,WN,727,N383SW,70,70,57,225,225,MCI,OKC,313,4,9,0,,0,0,0,0,0,2252008,1,7,1,1655,1700,1806,1810,WN,1257,N505SW,71,70,62,-4,-5,MCI,OKC,313,4,5,0,,0,NA,NA,NA,NA,NA2008,1,7,1,1229,1230,1427,1425,WN,914,N363SW,238,235,218,2,-1,MCI,PDX,1481,4,16,0,,0,NA,NA,NA,NA,NA2008,1,7,1,639,640,829,845,WN,453,N478WN,170,185,157,-16,-1,MCI,PHX,1044,5,8,0,,0,NA,NA,NA,NA,NA2008,1,7,1,1631,1635,1826,1830,WN,655,N525SW,175,175,162,-4,-4,MCI,PHX,1044,6,7,0,,0,NA,NA,NA,NA,NA2008,1,7,1,2050,2025,2230,2220,WN,1579,N797MX,160,175,148,10,25,MCI,PHX,1044,5,7,0,,0,NA,NA,NA,NA,NA2008,1,7,1,1054,1045,1310,1240,WN,3943,N385SW,196,175,182,30,9,MCI,PHX,1044,5,9,0,,0,3,0,21,0,62008,1,7,1,1829,1655,2004,1830,WN,1209,N301SW,215,215,200,94,94,MCI,SAN,1333,3,12,0,,0,0,0,0,0,942008,1,7,1,753,755,933,935,WN,2298,N678AA,220,220,205,-2,-2,MCI,SAN,1333,2,13,0,,0,NA,NA,NA,NA,NA2008,1,7,1,1426,1430,1633,1640,WN,1308,N344SW,247,250,228,-7,-4,MCI,SEA,1489,4,15,0,,0,NA,NA,NA,NA,NA2008,1,7,1,1852,1850,2038,2045,WN,102,N359SW,226,235,207,-7,2,MCI,SMF,1442,5,14,0,,0,NA,NA,NA,NA,NA2008,1,7,1,626,625,718,720,WN,63,N708SA,52,55,37,-2,1,MCI,STL,237,5,10,0,,0,NA,NA,NA,NA,NA2008,1,7,1,1445,1450,1547,1545,WN,283,N412WN,62,55,44,2,-5,MCI,STL,237,5,13,0,,0,NA,NA,NA,NA,NA2008,1,7,1,2012,2020,2100,2115,WN,1230,N277WN,48,55,39,-15,-8,MCI,STL,237,4,5,0,,0,NA,NA,NA,NA,NA2008,1,7,1,904,905,954,1000,WN,1488,N419WN,50,55,36,-6,-1,MCI,STL,237,4,10,0,,0,NA,NA,NA,NA,NA2008,1,7,1,1851,1835,1946,1930,WN,2039,N658SW,55,55,41,16,16,MCI,STL,237,3,11,0,,0,0,0,0,0,162008,1,7,1,1155,1200,1248,1255,WN,2972,N619SW,53,55,38,-7,-5,MCI,STL,237,3,12,0,,0,NA,NA,NA,NA,NA2008,1,7,1,1403,1405,1734,1740,WN,515,N901WN,151,155,133,-6,-2,MCI,TPA,1048,4,14,0,,0,NA,NA,NA,NA,NA2008,1,7,1,805,805,1137,1135,WN,629,N310SW,152,150,137,2,0,MCI,TPA,1048,4,11,0,,0,NA,NA,NA,NA,NA2008,1,7,1,1437,1440,1531,1535,WN,132,N528SW,54,55,38,-4,-3,MCI,TUL,223,2,14,0,,0,NA,NA,NA,NA,NA2008,1,7,1,1042,1030,1136,1125,WN,407,N655WN,54,55,42,11,12,MCI,TUL,223,3,9,0,,0,NA,NA,NA,NA,NA2008,1,7,1,1818,1810,1911,1905,WN,2900,N219WN,53,55,39,6,8,MCI,TUL,223,3,11,0,,0,NA,NA,NA,NA,NA2008,1,7,1,1247,1245,1444,1455,WN,2284,N713SW,237,250,218,-11,2,MCO,ABQ,1552,3,16,0,,0,NA,NA,NA,NA,NA2008,1,7,1,806,805,1004,1015,WN,2976,N551WN,238,250,221,-11,1,MCO,ABQ,1552,5,12,0,,0,NA,NA,NA,NA,NA2008,1,7,1,1950,1955,2212,2235,WN,1744,N217JC,142,160,135,-23,-5,MCO,ALB,1073,3,4,0,,0,NA,NA,NA,NA,NA2008,1,7,1,1258,1300,1528,1540,WN,3075,N769SW,150,160,143,-12,-2,MCO,ALB,1073,2,5,0,,0,NA,NA,NA,NA,NA2008,1,7,1,828,830,1101,1110,WN,3150,N790SW,153,160,144,-9,-2,MCO,ALB,1073,3,6,0,,0,NA,NA,NA,NA,NA2008,1,7,1,1259,1300,1438,1500,WN,687,N623SW,159,180,141,-22,-1,MCO,AUS,993,6,12,0,,0,NA,NA,NA,NA,NA2008,1,7,1,1649,1645,1923,1920,WN,365,N654SW,154,155,142,3,4,MCO,BDL,1050,4,8,0,,0,NA,NA,NA,NA,NA2008,1,7,1,1028,1030,1300,1305,WN,1656,N236WN,152,155,142,-5,-2,MCO,BDL,1050,3,7,0,,0,NA,NA,NA,NA,NA2008,1,7,1,723,725,952,1005,WN,2620,N426WN,149,160,135,-13,-2,MCO,BDL,1050,4,10,0,,0,NA,NA,NA,NA,NA2008,1,7,1,712,715,740,750,WN,573,N455WN,88,95,70,-10,-3,MCO,BHM,478,4,14,0,,0,NA,NA,NA,NA,NA2008,1,7,1,1709,1655,1733,1730,WN,2036,N603SW,84,95,71,3,14,MCO,BHM,478,2,11,0,,0,NA,NA,NA,NA,NA2008,1,7,1,1251,1255,1318,1330,WN,2715,N467WN,87,95,72,-12,-4,MCO,BHM,478,2,13,0,,0,NA,NA,NA,NA,NA2008,1,7,1,1033,1015,1122,1115,WN,1413,N218WN,109,120,91,7,18,MCO,BNA,616,4,14,0,,0,NA,NA,NA,NA,NA2008,1,7,1,1902,1845,1946,1940,WN,2194,N431WN,104,115,88,6,17,MCO,BNA,616,3,13,0,,0,NA,NA,NA,NA,NA2008,1,7,1,1403,1400,1450,1500,WN,3082,N649SW,107,120,92,-10,3,MCO,BNA,616,4,11,0,,0,NA,NA,NA,NA,NA2008,1,7,1,1715,1715,1803,1815,WN,3238,N348SW,108,120,94,-12,0,MCO,BNA,616,3,11,0,,0,NA,NA,NA,NA,NA2008,1,7,1,631,630,715,725,WN,3846,N210WN,104,115,89,-10,1,MCO,BNA,616,3,12,0,,0,NA,NA,NA,NA,NA2008,1,7,1,653,650,921,925,WN,322,N494WN,148,155,132,-4,3,MCO,BUF,1011,2,14,0,,0,NA,NA,NA,NA,NA2008,1,7,1,1453,1445,1714,1720,WN,443,N729SW,141,155,134,-6,8,MCO,BUF,1011,2,5,0,,0,NA,NA,NA,NA,NA2008,1,7,1,1924,1910,2150,2145,WN,3567,N758SW,146,155,133,5,14,MCO,BUF,1011,3,10,0,,0,NA,NA,NA,NA,NA2008,1,7,1,636,640,835,845,WN,97,N778SW,119,125,104,-10,-4,MCO,BWI,787,4,11,0,,0,NA,NA,NA,NA,NA2008,1,7,1,929,930,1131,1135,WN,458,N735SA,122,125,109,-4,-1,MCO,BWI,787,5,8,0,,0,NA,NA,NA,NA,NA2008,1,7,1,1959,2005,2153,2210,WN,832,N205WN,114,125,104,-17,-6,MCO,BWI,787,3,7,0,,0,NA,NA,NA,NA,NA2008,1,7,1,718,720,914,925,WN,889,N284WN,116,125,103,-11,-2,MCO,BWI,787,4,9,0,,0,NA,NA,NA,NA,NA2008,1,7,1,1709,1710,1911,1920,WN,1170,N313SW,122,130,106,-9,-1,MCO,BWI,787,3,13,0,,0,NA,NA,NA,NA,NA2008,1,7,1,1755,1755,2001,2005,WN,1507,N641SW,126,130,106,-4,0,MCO,BWI,787,3,17,0,,0,NA,NA,NA,NA,NA2008,1,7,1,1339,1335,1543,1540,WN,2801,N647SW,124,125,110,3,4,MCO,BWI,787,3,11,0,,0,NA,NA,NA,NA,NA2008,1,7,1,1457,1500,1707,1705,WN,3067,N401WN,130,125,106,2,-3,MCO,BWI,787,18,6,0,,0,NA,NA,NA,NA,NA2008,1,7,1,1027,1025,1224,1230,WN,3220,N725SW,117,125,106,-6,2,MCO,BWI,787,4,7,0,,0,NA,NA,NA,NA,NA2008,1,7,1,1520,1520,1731,1745,WN,611,N452WN,131,145,118,-14,0,MCO,CLE,895,6,7,0,,0,NA,NA,NA,NA,NA2008,1,7,1,1111,1110,1327,1335,WN,2366,N417WN,136,145,123,-8,1,MCO,CLE,895,6,7,0,,0,NA,NA,NA,NA,NA2008,1,7,1,714,710,916,925,WN,1492,N677AA,122,135,108,-9,4,MCO,CMH,802,3,11,0,,0,NA,NA,NA,NA,NA2008,1,7,1,1905,1910,2121,2125,WN,1602,N241WN,136,135,104,-4,-5,MCO,CMH,802,11,21,0,,0,NA,NA,NA,NA,NA2008,1,7,1,1325,1330,1522,1545,WN,2020,N755SA,117,135,106,-23,-5,MCO,CMH,802,4,7,0,,0,NA,NA,NA,NA,NA2008,1,7,1,1548,1525,1737,1740,WN,1063,N284WN,229,255,212,-3,23,MCO,DEN,1545,7,10,0,,0,NA,NA,NA,NA,NA2008,1,7,1,701,700,901,910,WN,1237,N240WN,240,250,216,-9,1,MCO,DEN,1545,10,14,0,,0,NA,NA,NA,NA,NA2008,1,7,1,1058,1055,1331,1335,WN,399,N468WN,153,160,137,-4,3,MCO,DTW,957,4,12,0,,0,NA,NA,NA,NA,NA2008,1,7,1,1621,1625,1856,1905,WN,1023,N701GS,155,160,138,-9,-4,MCO,DTW,957,4,13,0,,0,NA,NA,NA,NA,NA2008,1,7,1,2048,2055,2142,2155,WN,380,N793SA,54,60,40,-13,-7,MCO,FLL,178,5,9,0,,0,NA,NA,NA,NA,NA2008,1,7,1,1854,1850,1946,1950,WN,455,N624SW,52,60,39,-4,4,MCO,FLL,178,4,9,0,,0,NA,NA,NA,NA,NA2008,1,7,1,1322,1325,1413,1425,WN,543,N726SW,51,60,40,-12,-3,MCO,FLL,178,4,7,0,,0,NA,NA,NA,NA,NA2008,1,7,1,951,950,1039,1050,WN,779,N782SA,48,60,37,-11,1,MCO,FLL,178,4,7,0,,0,NA,NA,NA,NA,NA2008,1,7,1,710,715,805,810,WN,1149,N379SW,55,55,41,-5,-5,MCO,FLL,178,3,11,0,,0,NA,NA,NA,NA,NA2008,1,7,1,1735,1700,1827,1800,WN,3509,N454WN,52,60,42,27,35,MCO,FLL,178,3,7,0,,0,3,0,0,0,242008,1,7,1,616,615,740,755,WN,10,N302SW,144,160,125,-15,1,MCO,HOU,848,7,12,0,,0,NA,NA,NA,NA,NA2008,1,7,1,1423,1420,1542,1600,WN,42,N700GS,139,160,129,-18,3,MCO,HOU,848,4,6,0,,0,NA,NA,NA,NA,NA2008,1,7,1,1041,1040,1207,1220,WN,430,N446WN,146,160,125,-13,1,MCO,HOU,848,5,16,0,,0,NA,NA,NA,NA,NA2008,1,7,1,1743,1740,1927,1920,WN,1491,N707SA,164,160,138,7,3,MCO,HOU,848,4,22,0,,0,NA,NA,NA,NA,NA2008,1,7,1,2041,2045,2156,2225,WN,3046,N788SA,135,160,125,-29,-4,MCO,HOU,848,3,7,0,,0,NA,NA,NA,NA,NA2008,1,7,1,758,800,959,1010,WN,470,N671SW,121,130,111,-11,-2,MCO,IAD,758,4,6,0,,0,NA,NA,NA,NA,NA2008,1,7,1,1223,1220,1426,1425,WN,1317,N707SA,123,125,111,1,3,MCO,IAD,758,5,7,0,,0,NA,NA,NA,NA,NA2008,1,7,1,1139,1140,1355,1405,WN,829,N739GB,136,145,124,-10,-1,MCO,IND,828,6,6,0,,0,NA,NA,NA,NA,NA2008,1,7,1,1838,1840,2057,2105,WN,3256,N649SW,139,145,121,-8,-2,MCO,IND,828,6,12,0,,0,NA,NA,NA,NA,NA2008,1,7,1,2041,2030,2254,2255,WN,121,N224WN,133,145,124,-1,11,MCO,ISP,972,4,5,0,,0,NA,NA,NA,NA,NA2008,1,7,1,1551,1550,1817,1815,WN,630,N226WN,146,145,132,2,1,MCO,ISP,972,4,10,0,,0,NA,NA,NA,NA,NA2008,1,7,1,840,845,1101,1110,WN,1919,N427WN,141,145,130,-9,-5,MCO,ISP,972,4,7,0,,0,NA,NA,NA,NA,NA2008,1,7,1,1055,1100,1317,1330,WN,2784,N475WN,142,150,131,-13,-5,MCO,ISP,972,5,6,0,,0,NA,NA,NA,NA,NA2008,1,7,1,1904,1840,2122,2105,WN,3332,N253WN,138,145,128,17,24,MCO,ISP,972,3,7,0,,0,0,0,0,0,172008,1,7,1,1400,1355,1622,1620,WN,3864,N201LV,142,145,132,2,5,MCO,ISP,972,3,7,0,,0,NA,NA,NA,NA,NA2008,1,7,1,1609,1610,1645,1705,WN,186,N440LV,96,115,84,-20,-1,MCO,JAN,587,2,10,0,,0,NA,NA,NA,NA,NA2008,1,7,1,1013,1015,1213,1230,WN,2354,N445WN,300,315,287,-17,-2,MCO,LAS,2039,4,9,0,,0,NA,NA,NA,NA,NA2008,1,7,1,1156,1155,1343,1400,WN,1308,N344SW,167,185,155,-17,1,MCO,MCI,1072,4,8,0,,0,NA,NA,NA,NA,NA2008,1,7,1,1619,1620,1806,1825,WN,1493,N613SW,167,185,148,-19,-1,MCO,MCI,1072,7,12,0,,0,NA,NA,NA,NA,NA2008,1,7,1,632,630,824,830,WN,2193,N648SW,172,180,156,-6,2,MCO,MCI,1072,3,13,0,,0,NA,NA,NA,NA,NA2008,1,7,1,1814,1705,2034,1855,WN,163,N744SW,200,170,176,99,69,MCO,MDW,989,7,17,0,,0,58,0,30,0,112008,1,7,1,1907,1805,2140,1955,WN,172,N755SA,213,170,179,105,62,MCO,MDW,989,20,14,0,,0,62,0,43,0,02008,1,7,1,618,615,805,805,WN,561,N258WN,167,170,152,0,3,MCO,MDW,989,4,11,0,,0,NA,NA,NA,NA,NA2008,1,7,1,938,935,1106,1125,WN,562,N719SW,148,170,136,-19,3,MCO,MDW,989,6,6,0,,0,NA,NA,NA,NA,NA2008,1,7,1,819,820,1010,1010,WN,658,N212WN,171,170,157,0,-1,MCO,MDW,989,5,9,0,,0,NA,NA,NA,NA,NA2008,1,7,1,1518,1510,1648,1700,WN,1423,N364SW,150,170,138,-12,8,MCO,MDW,989,6,6,0,,0,NA,NA,NA,NA,NA2008,1,7,1,1207,1210,1342,1355,WN,1852,N743SW,155,165,138,-13,-3,MCO,MDW,989,4,13,0,,0,NA,NA,NA,NA,NA2008,1,7,1,2348,2105,307,2250,WN,3137,N358SW,259,165,244,257,163,MCO,MDW,989,1,14,0,,0,157,0,94,0,62008,1,7,1,1238,1235,1523,1525,WN,3,N330SW,165,170,151,-2,3,MCO,MHT,1142,5,9,0,,0,NA,NA,NA,NA,NA2008,1,7,1,1746,1745,2027,2035,WN,25,N357SW,161,170,148,-8,1,MCO,MHT,1142,4,9,0,,0,NA,NA,NA,NA,NA2008,1,7,1,625,630,908,915,WN,589,N755SA,163,165,148,-7,-5,MCO,MHT,1142,3,12,0,,0,NA,NA,NA,NA,NA2008,1,7,1,2133,2045,8,2330,WN,1145,N449WN,155,165,147,38,48,MCO,MHT,1142,3,5,0,,0,0,0,0,0,382008,1,7,1,1033,1035,1314,1325,WN,3429,N447WN,161,170,149,-11,-2,MCO,MHT,1142,4,8,0,,0,NA,NA,NA,NA,NA2008,1,7,1,1632,1630,1712,1725,WN,426,N664WN,100,115,89,-13,2,MCO,MSY,550,3,8,0,,0,NA,NA,NA,NA,NA2008,1,7,1,733,735,808,830,WN,467,N653SW,95,115,83,-22,-2,MCO,MSY,550,2,10,0,,0,NA,NA,NA,NA,NA2008,1,7,1,1029,1030,1108,1125,WN,2980,N401WN,99,115,85,-17,-1,MCO,MSY,550,3,11,0,,0,NA,NA,NA,NA,NA2008,1,7,1,1918,1920,2000,2015,WN,3134,N635SW,102,115,87,-15,-2,MCO,MSY,550,3,12,0,,0,NA,NA,NA,NA,NA2008,1,7,1,952,945,1135,1135,WN,590,N233LV,103,110,94,0,7,MCO,ORF,655,4,5,0,,0,NA,NA,NA,NA,NA2008,1,7,1,1506,1500,1652,1650,WN,1320,N282WN,106,110,95,2,6,MCO,ORF,655,4,7,0,,0,NA,NA,NA,NA,NA2008,1,7,1,1716,1715,1954,1950,WN,297,N238WN,158,155,138,4,1,MCO,PHL,861,8,12,0,,0,NA,NA,NA,NA,NA2008,1,7,1,1414,1415,1632,1645,WN,348,N634SW,138,150,129,-13,-1,MCO,PHL,861,3,6,0,,0,NA,NA,NA,NA,NA2008,1,7,1,1112,1115,1329,1340,WN,768,N353SW,137,145,122,-11,-3,MCO,PHL,861,5,10,0,,0,NA,NA,NA,NA,NA2008,1,7,1,919,920,1139,1145,WN,837,N343SW,140,145,122,-6,-1,MCO,PHL,861,5,13,0,,0,NA,NA,NA,NA,NA2008,1,7,1,1248,1250,1521,1520,WN,1035,N624SW,153,150,137,1,-2,MCO,PHL,861,6,10,0,,0,NA,NA,NA,NA,NA2008,1,7,1,2112,2105,2324,2330,WN,1915,N639SW,132,145,119,-6,7,MCO,PHL,861,5,8,0,,0,NA,NA,NA,NA,NA2008,1,7,1,1504,1505,1729,1740,WN,3247,N633SW,145,155,133,-11,-1,MCO,PHL,861,5,7,0,,0,NA,NA,NA,NA,NA2008,1,7,1,1622,1620,1906,1920,WN,1484,N765SW,284,300,268,-14,2,MCO,PHX,1848,3,13,0,,0,NA,NA,NA,NA,NA2008,1,7,1,2033,2035,2236,2255,WN,2294,N293,123,140,111,-19,-2,MCO,PIT,834,6,6,0,,0,NA,NA,NA,NA,NA2008,1,7,1,939,930,1144,1145,WN,2361,N387SW,125,135,113,-1,9,MCO,PIT,834,6,6,0,,0,NA,NA,NA,NA,NA2008,1,7,1,1219,1225,1425,1440,WN,3934,N698SW,126,135,114,-15,-6,MCO,PIT,834,5,7,0,,0,NA,NA,NA,NA,NA2008,1,7,1,2159,2115,29,2355,WN,940,N652SW,150,160,136,34,44,MCO,PVD,1073,4,10,0,,0,0,0,0,0,342008,1,7,1,1431,1430,1705,1705,WN,975,N677AA,154,155,143,0,1,MCO,PVD,1073,5,6,0,,0,NA,NA,NA,NA,NA2008,1,7,1,951,950,1229,1230,WN,1074,N491WN,158,160,141,-1,1,MCO,PVD,1073,5,12,0,,0,NA,NA,NA,NA,NA2008,1,7,1,1753,1755,2035,2035,WN,1305,N753SW,162,160,141,0,-2,MCO,PVD,1073,4,17,0,,0,NA,NA,NA,NA,NA2008,1,7,1,633,635,908,915,WN,2281,N226WN,155,160,138,-7,-2,MCO,PVD,1073,4,13,0,,0,NA,NA,NA,NA,NA2008,1,7,1,1141,1145,1412,1425,WN,3754,N481WN,151,160,141,-13,-4,MCO,PVD,1073,4,6,0,,0,NA,NA,NA,NA,NA2008,1,7,1,709,710,841,845,WN,334,N731SA,92,95,78,-4,-1,MCO,RDU,534,3,11,0,,0,NA,NA,NA,NA,NA2008,1,7,1,2211,2000,2346,2140,WN,2135,N388SW,95,100,80,126,131,MCO,RDU,534,4,11,0,,0,0,0,0,0,1262008,1,7,1,958,955,1128,1130,WN,2621,N421LV,90,95,81,-2,3,MCO,RDU,534,3,6,0,,0,NA,NA,NA,NA,NA2008,1,7,1,1537,1540,1712,1720,WN,2734,N772SW,95,100,85,-8,-3,MCO,RDU,534,4,6,0,,0,NA,NA,NA,NA,NA2008,1,7,1,951,955,1036,1045,WN,150,N635SW,45,50,27,-9,-4,MCO,RSW,133,3,15,0,,0,NA,NA,NA,NA,NA2008,1,7,1,2125,2105,2203,2150,WN,907,N380SW,38,45,29,13,20,MCO,RSW,133,3,6,0,,0,NA,NA,NA,NA,NA2008,1,7,1,1313,1315,1349,1405,WN,2368,N226WN,36,50,28,-16,-2,MCO,RSW,133,4,4,0,,0,NA,NA,NA,NA,NA2008,1,7,1,1746,1755,1841,1845,WN,3398,N777QC,55,50,27,-4,-9,MCO,RSW,133,4,24,0,,0,NA,NA,NA,NA,NA2008,1,7,1,1028,1030,1217,1235,WN,1112,N239WN,169,185,156,-18,-2,MCO,SAT,1040,3,10,0,,0,NA,NA,NA,NA,NA2008,1,7,1,1505,1505,1654,1710,WN,1414,N460WN,169,185,158,-16,0,MCO,SAT,1040,3,8,0,,0,NA,NA,NA,NA,NA2008,1,7,1,956,945,1201,1155,WN,187,N395SW,125,130,109,6,11,MCO,SDF,718,4,12,0,,0,NA,NA,NA,NA,NA2008,1,7,1,1513,1425,1708,1635,WN,718,N263WN,115,130,103,33,48,MCO,SDF,718,4,8,0,,0,1,0,0,0,322008,1,7,1,1246,1250,1403,1425,WN,440,N429WN,137,155,120,-22,-4,MCO,STL,880,5,12,0,,0,NA,NA,NA,NA,NA2008,1,7,1,747,745,903,925,WN,928,N223WN,136,160,123,-22,2,MCO,STL,880,4,9,0,,0,NA,NA,NA,NA,NA2008,1,7,1,2031,2035,2150,2210,WN,2300,N278WN,139,155,129,-20,-4,MCO,STL,880,4,6,0,,0,NA,NA,NA,NA,NA2008,1,7,1,1539,1535,1651,1710,WN,3743,N496WN,132,155,124,-19,4,MCO,STL,880,2,6,0,,0,NA,NA,NA,NA,NA2008,1,7,1,908,910,1124,1115,WN,1008,N213WN,196,185,184,9,-2,MDW,ABQ,1121,5,7,0,,0,NA,NA,NA,NA,NA2008,1,7,1,1550,1550,1759,1800,WN,2871,N475WN,189,190,177,-1,0,MDW,ABQ,1121,4,8,0,,0,NA,NA,NA,NA,NA2008,1,7,1,1018,1020,1301,1305,WN,95,N376SW,103,105,86,-4,-2,MDW,ALB,717,2,15,0,,0,NA,NA,NA,NA,NA2008,1,7,1,1954,1925,2241,2215,WN,714,N708SA,107,110,97,26,29,MDW,ALB,717,2,8,0,,0,4,0,0,0,222008,1,7,1,746,745,1030,1030,WN,478,N792SW,164,165,152,0,1,MDW,AUS,972,3,9,0,,0,NA,NA,NA,NA,NA2008,1,7,1,1958,1905,2254,2150,WN,3568,N462WN,176,165,163,64,53,MDW,AUS,972,4,9,0,,0,0,10,11,0,432008,1,7,1,2143,1900,42,2200,WN,245,N262WN,119,120,106,162,163,MDW,BDL,777,4,9,0,,0,0,15,0,0,1472008,1,7,1,844,845,1136,1140,WN,437,N772SW,112,115,95,-4,-1,MDW,BDL,777,3,14,0,,0,NA,NA,NA,NA,NA2008,1,7,1,1348,1350,1643,1645,WN,885,N485WN,115,115,93,-2,-2,MDW,BDL,777,4,18,0,,0,NA,NA,NA,NA,NA2008,1,7,1,1014,1015,1147,1155,WN,223,N733SA,93,100,82,-8,-1,MDW,BHM,570,2,9,0,,0,NA,NA,NA,NA,NA2008,1,7,1,2330,1945,108,2125,WN,313,N762SW,98,100,84,223,225,MDW,BHM,570,5,9,0,,0,22,0,0,0,2012008,1,7,1,1827,1755,2013,1915,WN,581,N714CB,106,80,61,58,32,MDW,BNA,395,4,41,0,,0,0,32,26,0,02008,1,7,1,1037,1030,1152,1145,WN,640,N383SW,75,75,62,7,7,MDW,BNA,395,4,9,0,,0,NA,NA,NA,NA,NA2008,1,7,1,759,800,909,920,WN,689,N464WN,70,80,58,-11,-1,MDW,BNA,395,5,7,0,,0,NA,NA,NA,NA,NA2008,1,7,1,1235,1210,1351,1325,WN,813,N306SW,76,75,64,26,25,MDW,BNA,395,3,9,0,,0,6,0,1,0,192008,1,7,1,1537,1540,1650,1700,WN,830,N757LV,73,80,62,-10,-3,MDW,BNA,395,3,8,0,,0,NA,NA,NA,NA,NA2008,1,7,1,2050,2035,2210,2155,WN,851,N689SW,80,80,63,15,15,MDW,BNA,395,6,11,0,,0,0,8,0,0,72008,1,7,1,NA,1925,NA,2045,WN,934,,NA,80,NA,NA,NA,MDW,BNA,395,NA,NA,1,A,0,NA,NA,NA,NA,NA2008,1,7,1,22,2110,142,2225,WN,1973,N503SW,80,75,61,197,192,MDW,BNA,395,8,11,0,,0,0,5,5,0,1872008,1,7,1,615,615,728,730,WN,2108,N453WN,73,75,62,-2,0,MDW,BNA,395,5,6,0,,0,NA,NA,NA,NA,NA2008,1,7,1,819,820,1030,1040,WN,1690,N342SW,71,80,64,-10,-1,MDW,BUF,468,2,5,0,,0,NA,NA,NA,NA,NA2008,1,7,1,1303,1255,1522,1515,WN,1828,N639SW,79,80,68,7,8,MDW,BUF,468,2,9,0,,0,NA,NA,NA,NA,NA2008,1,7,1,2051,1955,2321,2215,WN,2975,N647SW,90,80,74,66,56,MDW,BUF,468,3,13,0,,0,33,0,10,0,232008,1,7,1,1951,1950,2257,2235,WN,106,N210WN,126,105,99,22,1,MDW,BWI,611,5,22,0,,0,0,0,22,0,02008,1,7,1,1316,1300,1545,1545,WN,208,N900WN,89,105,79,0,16,MDW,BWI,611,3,7,0,,0,NA,NA,NA,NA,NA2008,1,7,1,1512,1515,1743,1800,WN,224,N235WN,91,105,81,-17,-3,MDW,BWI,611,3,7,0,,0,NA,NA,NA,NA,NA2008,1,7,1,1712,1715,1956,2000,WN,324,N715SW,104,105,85,-4,-3,MDW,BWI,611,3,16,0,,0,NA,NA,NA,NA,NA2008,1,7,1,850,850,1136,1135,WN,466,N365SW,106,105,89,1,0,MDW,BWI,611,3,14,0,,0,NA,NA,NA,NA,NA2008,1,7,1,1036,1035,1313,1320,WN,2272,N254WN,97,105,83,-7,1,MDW,BWI,611,3,11,0,,0,NA,NA,NA,NA,NA2008,1,7,1,2146,2125,45,5,WN,2786,N663SW,119,100,95,40,21,MDW,BWI,611,3,21,0,,0,0,0,19,0,212008,1,7,1,600,600,838,845,WN,3499,N467WN,98,105,82,-7,0,MDW,BWI,611,3,13,0,,0,NA,NA,NA,NA,NA2008,1,7,1,NA,1825,NA,2035,WN,30,,NA,70,NA,NA,NA,MDW,CLE,307,NA,NA,1,B,0,NA,NA,NA,NA,NA2008,1,7,1,2253,2105,124,2310,WN,153,N364SW,91,65,63,134,108,MDW,CLE,307,8,20,0,,0,0,8,26,0,1002008,1,7,1,818,820,1040,1025,WN,387,N201LV,82,65,62,15,-2,MDW,CLE,307,6,14,0,,0,0,0,15,0,02008,1,7,1,1131,1135,1332,1345,WN,628,N778SW,61,70,48,-13,-4,MDW,CLE,307,7,6,0,,0,NA,NA,NA,NA,NA2008,1,7,1,1410,1410,1616,1620,WN,1489,N662SW,66,70,52,-4,0,MDW,CLE,307,5,9,0,,0,NA,NA,NA,NA,NA2008,1,7,1,558,600,803,805,WN,2456,N420WN,65,65,52,-2,-2,MDW,CLE,307,5,8,0,,0,NA,NA,NA,NA,NA2008,1,7,1,1601,1600,1818,1815,WN,3587,N762SW,77,75,60,3,1,MDW,CLE,307,5,12,0,,0,NA,NA,NA,NA,NA2008,1,7,1,1050,1055,1248,1300,WN,129,N732SW,58,65,46,-12,-5,MDW,CMH,284,3,9,0,,0,NA,NA,NA,NA,NA2008,1,7,1,NA,2000,NA,2205,WN,154,,NA,65,NA,NA,NA,MDW,CMH,284,NA,NA,1,B,0,NA,NA,NA,NA,NA2008,1,7,1,2207,2135,32,2335,WN,261,N642WN,85,60,72,57,32,MDW,CMH,284,2,11,0,,0,12,0,25,0,202008,1,7,1,856,900,1056,1105,WN,748,N483WN,60,65,46,-9,-4,MDW,CMH,284,3,11,0,,0,NA,NA,NA,NA,NA2008,1,7,1,621,615,817,815,WN,950,N256WN,56,60,45,2,6,MDW,CMH,284,3,8,0,,0,NA,NA,NA,NA,NA2008,1,7,1,1619,1620,1821,1825,WN,1685,N394SW,62,65,48,-4,-1,MDW,CMH,284,3,11,0,,0,NA,NA,NA,NA,NA2008,1,7,1,1332,1325,1529,1530,WN,2470,N413WN,57,65,46,-1,7,MDW,CMH,284,3,8,0,,0,NA,NA,NA,NA,NA2008,1,7,1,2219,1730,35,1935,WN,2474,N710SW,76,65,67,300,289,MDW,CMH,284,2,7,0,,0,277,0,11,0,122008,1,7,1,2211,2025,2337,2155,WN,172,N755SA,146,150,130,102,106,MDW,DEN,895,7,9,0,,0,0,0,1,0,1012008,1,7,1,1222,1220,1353,1355,WN,806,N456WN,151,155,140,-2,2,MDW,DEN,895,5,6,0,,0,NA,NA,NA,NA,NA2008,1,7,1,931,930,1106,1105,WN,902,N480WN,155,155,141,1,1,MDW,DEN,895,6,8,0,,0,NA,NA,NA,NA,NA2008,1,7,1,628,630,800,805,WN,1001,N632SW,152,155,141,-5,-2,MDW,DEN,895,4,7,0,,0,NA,NA,NA,NA,NA2008,1,7,1,1425,1425,1606,1600,WN,1852,N743SW,161,155,141,6,0,MDW,DEN,895,9,11,0,,0,NA,NA,NA,NA,NA2008,1,7,1,1830,1705,2005,1845,WN,1944,N234WN,155,160,132,80,85,MDW,DEN,895,10,13,0,,0,0,80,0,0,02008,1,7,1,1159,1200,1357,1405,WN,308,N504SW,58,65,44,-8,-1,MDW,DTW,229,6,8,0,,0,NA,NA,NA,NA,NA2008,1,7,1,756,800,948,1000,WN,424,N647SW,52,60,40,-12,-4,MDW,DTW,229,3,9,0,,0,NA,NA,NA,NA,NA2008,1,7,1,2042,1825,2254,2030,WN,1006,N385SW,72,65,59,144,137,MDW,DTW,229,4,9,0,,0,0,0,7,0,1372008,1,7,1,1606,1610,1839,1820,WN,1014,N476WN,93,70,77,19,-4,MDW,DTW,229,4,12,0,,0,0,0,19,0,02008,1,7,1,947,955,1148,1200,WN,1567,N639SW,61,65,47,-12,-8,MDW,DTW,229,3,11,0,,0,NA,NA,NA,NA,NA2008,1,7,1,1404,1405,1609,1610,WN,1916,N515SW,65,65,53,-1,-1,MDW,DTW,229,5,7,0,,0,NA,NA,NA,NA,NA2008,1,7,1,600,600,806,805,WN,3326,N762SW,66,65,47,1,0,MDW,DTW,229,8,11,0,,0,NA,NA,NA,NA,NA2008,1,7,1,2239,2125,45,2325,WN,3915,N522SW,66,60,48,80,74,MDW,DTW,229,6,12,0,,0,0,0,6,0,742008,1,7,1,1259,1305,1649,1700,WN,234,N465WN,170,175,155,-11,-6,MDW,FLL,1166,3,12,0,,0,NA,NA,NA,NA,NA2008,1,7,1,1929,1735,2318,2130,WN,892,N263WN,169,175,157,108,114,MDW,FLL,1166,4,8,0,,0,0,56,0,0,522008,1,7,1,924,925,1309,1325,WN,2630,N420WN,165,180,153,-16,-1,MDW,FLL,1166,3,9,0,,0,NA,NA,NA,NA,NA2008,1,7,1,2034,1955,26,2350,WN,3228,N251WN,172,175,157,36,39,MDW,FLL,1166,3,12,0,,0,0,0,0,0,362008,1,7,1,626,630,1016,1030,WN,3848,N550WN,170,180,155,-14,-4,MDW,FLL,1166,4,11,0,,0,NA,NA,NA,NA,NA2008,1,7,1,638,640,924,925,WN,195,N727SW,166,165,152,-1,-2,MDW,HOU,937,5,9,0,,0,NA,NA,NA,NA,NA2008,1,7,1,2148,2015,36,2300,WN,203,N617SW,168,165,147,96,93,MDW,HOU,937,4,17,0,,0,0,8,3,0,852008,1,7,1,833,820,1120,1105,WN,319,N486WN,167,165,150,15,13,MDW,HOU,937,5,12,0,,0,13,0,2,0,02008,1,7,1,1415,1415,1656,1700,WN,1927,N732SW,161,165,152,-4,0,MDW,HOU,937,4,5,0,,0,NA,NA,NA,NA,NA2008,1,7,1,1110,1115,1352,1400,WN,3763,N523SW,162,165,150,-8,-5,MDW,HOU,937,5,7,0,,0,NA,NA,NA,NA,NA2008,1,7,1,1713,1710,2151,1955,WN,3841,N669SW,278,165,160,116,3,MDW,HOU,937,4,114,0,,0,0,0,116,0,02008,1,7,1,2143,2110,41,2350,WN,205,N418WN,118,100,96,51,33,MDW,IAD,577,6,16,0,,0,8,0,18,0,252008,1,7,1,1651,1650,1922,1930,WN,335,N791SW,91,100,76,-8,1,MDW,IAD,577,5,10,0,,0,NA,NA,NA,NA,NA2008,1,7,1,1406,1405,1635,1650,WN,1307,N782SA,89,105,74,-15,1,MDW,IAD,577,6,9,0,,0,NA,NA,NA,NA,NA2008,1,7,1,1211,1150,1441,1435,WN,1488,N669SW,90,105,77,6,21,MDW,IAD,577,4,9,0,,0,NA,NA,NA,NA,NA2008,1,7,1,1951,1915,2243,2155,WN,3232,N472WN,112,100,100,48,36,MDW,IAD,577,4,8,0,,0,0,36,12,0,02008,1,7,1,643,640,916,915,WN,3760,N698SW,93,95,78,1,3,MDW,IAD,577,4,11,0,,0,NA,NA,NA,NA,NA2008,1,7,1,1804,1655,2023,1850,WN,378,N481WN,79,55,56,93,69,MDW,IND,162,9,14,0,,0,69,0,24,0,02008,1,7,1,2138,2105,2352,2255,WN,771,N297WN,74,50,54,57,33,MDW,IND,162,8,12,0,,0,33,0,24,0,02008,1,7,1,1255,1255,1449,1445,WN,1333,N641SW,54,50,36,4,0,MDW,IND,162,7,11,0,,0,NA,NA,NA,NA,NA2008,1,7,1,800,715,946,905,WN,1746,N396SW,46,50,32,41,45,MDW,IND,162,5,9,0,,0,4,0,0,0,372008,1,7,1,900,905,1151,1205,WN,969,N425LV,111,120,95,-14,-5,MDW,ISP,765,3,13,0,,0,NA,NA,NA,NA,NA2008,1,7,1,1550,1550,1849,1900,WN,1667,N411WN,119,130,107,-11,0,MDW,ISP,765,3,9,0,,0,NA,NA,NA,NA,NA2008,1,7,1,1244,1245,1542,1555,WN,1930,N242WN,118,130,108,-13,-1,MDW,ISP,765,3,7,0,,0,NA,NA,NA,NA,NA2008,1,7,1,2126,1845,8,2150,WN,2703,N775SW,102,125,92,138,161,MDW,ISP,765,4,6,0,,0,13,0,0,0,1252008,1,7,1,111,1845,308,2045,WN,405,N644SW,117,120,103,383,386,MDW,JAN,666,4,10,0,,0,0,20,0,0,3632008,1,7,1,736,730,929,925,WN,1035,N624SW,113,115,101,4,6,MDW,JAN,666,2,10,0,,0,NA,NA,NA,NA,NA2008,1,7,1,2104,2100,2242,2300,WN,164,N419WN,218,240,208,-18,4,MDW,LAS,1521,3,7,0,,0,NA,NA,NA,NA,NA2008,1,7,1,1701,1705,1855,1905,WN,201,N792SW,234,240,217,-10,-4,MDW,LAS,1521,7,10,0,,0,NA,NA,NA,NA,NA2008,1,7,1,1028,1030,1224,1230,WN,300,N225WN,236,240,214,-6,-2,MDW,LAS,1521,9,13,0,,0,NA,NA,NA,NA,NA2008,1,7,1,1548,1550,1744,1750,WN,433,N259WN,236,240,223,-6,-2,MDW,LAS,1521,8,5,0,,0,NA,NA,NA,NA,NA2008,1,7,1,NA,2005,NA,2205,WN,556,,NA,240,NA,NA,NA,MDW,LAS,1521,NA,NA,1,A,0,NA,NA,NA,NA,NA2008,1,7,1,1153,1200,1346,1400,WN,872,N406WN,233,240,217,-14,-7,MDW,LAS,1521,4,12,0,,0,NA,NA,NA,NA,NA2008,1,7,1,NA,615,NA,815,WN,891,,NA,240,NA,NA,NA,MDW,LAS,1521,NA,NA,1,A,0,NA,NA,NA,NA,NA2008,1,7,1,750,740,943,940,WN,1016,N705SW,233,240,221,3,10,MDW,LAS,1521,6,6,0,,0,NA,NA,NA,NA,NA2008,1,7,1,NA,1500,NA,1700,WN,1422,,NA,240,NA,NA,NA,MDW,LAS,1521,NA,NA,1,A,0,NA,NA,NA,NA,NA2008,1,7,1,826,830,1031,1030,WN,2295,N795SW,245,240,234,1,-4,MDW,LAS,1521,3,8,0,,0,NA,NA,NA,NA,NA2008,1,7,1,2033,1925,2220,2125,WN,2449,N737JW,227,240,208,55,68,MDW,LAS,1521,6,13,0,,0,0,0,0,0,552008,1,7,1,1436,1430,1630,1630,WN,3844,N211WN,234,240,220,0,6,MDW,LAS,1521,6,8,0,,0,NA,NA,NA,NA,NA2008,1,7,1,842,840,1131,1115,WN,118,N418WN,289,275,261,16,2,MDW,LAX,1750,9,19,0,,0,0,0,16,0,02008,1,7,1,654,655,930,925,WN,184,N711HK,276,270,256,5,-1,MDW,LAX,1750,8,12,0,,0,NA,NA,NA,NA,NA2008,1,7,1,2119,2100,2329,2330,WN,587,N296WN,250,270,239,-1,19,MDW,LAX,1750,5,6,0,,0,NA,NA,NA,NA,NA2008,1,7,1,1502,1500,1730,1730,WN,829,N739GB,268,270,254,0,2,MDW,LAX,1750,6,8,0,,0,NA,NA,NA,NA,NA2008,1,7,1,1142,1140,1403,1415,WN,2979,N297WN,261,275,247,-12,2,MDW,LAX,1750,8,6,0,,0,NA,NA,NA,NA,NA2008,1,7,1,1421,1400,1648,1630,WN,3149,N781WN,267,270,251,18,21,MDW,LAX,1750,7,9,0,,0,18,0,0,0,02008,1,7,1,1801,1735,2024,2010,WN,3584,N483WN,263,275,245,14,26,MDW,LAX,1750,13,5,0,,0,NA,NA,NA,NA,NA2008,1,7,1,1505,1500,1645,1645,WN,49,N504SW,100,105,87,0,5,MDW,LIT,544,6,7,0,,0,NA,NA,NA,NA,NA2008,1,7,1,758,715,924,840,WN,19,N521SW,86,85,74,44,43,MDW,MCI,405,3,9,0,,0,33,0,1,0,102008,1,7,1,1036,1040,1200,1205,WN,33,N513SW,84,85,72,-5,-4,MDW,MCI,405,3,9,0,,0,NA,NA,NA,NA,NA2008,1,7,1,1717,1720,1850,1845,WN,59,N523SW,93,85,74,5,-3,MDW,MCI,405,7,12,0,,0,NA,NA,NA,NA,NA2008,1,7,1,1247,1245,1414,1410,WN,132,N528SW,87,85,75,4,2,MDW,MCI,405,4,8,0,,0,NA,NA,NA,NA,NA2008,1,7,1,2338,2135,116,2300,WN,342,N465WN,98,85,74,136,123,MDW,MCI,405,5,19,0,,0,14,0,13,0,1092008,1,7,1,853,845,1028,1010,WN,407,N655WN,95,85,77,18,8,MDW,MCI,405,6,12,0,,0,0,0,10,0,82008,1,7,1,922,925,1045,1050,WN,449,N514SW,83,85,74,-5,-3,MDW,MCI,405,3,6,0,,0,NA,NA,NA,NA,NA2008,1,7,1,617,620,746,745,WN,629,N310SW,89,85,76,1,-3,MDW,MCI,405,5,8,0,,0,NA,NA,NA,NA,NA2008,1,7,1,2329,1935,56,2100,WN,727,N383SW,87,85,74,236,234,MDW,MCI,405,2,11,0,,0,27,0,2,0,2072008,1,7,1,NA,1145,NA,1310,WN,951,,NA,85,NA,NA,NA,MDW,MCI,405,NA,NA,1,A,0,NA,NA,NA,NA,NA2008,1,7,1,1504,1505,1634,1630,WN,1257,N505SW,90,85,76,4,-1,MDW,MCI,405,4,10,0,,0,NA,NA,NA,NA,NA2008,1,7,1,1620,1620,1745,1745,WN,2900,N219WN,85,85,74,0,0,MDW,MCI,405,4,7,0,,0,NA,NA,NA,NA,NA2008,1,7,1,1304,1300,1641,1630,WN,401,N431WN,157,150,139,11,4,MDW,MCO,989,7,11,0,,0,NA,NA,NA,NA,NA2008,1,7,1,613,615,954,945,WN,482,N236WN,161,150,130,9,-2,MDW,MCO,989,21,10,0,,0,NA,NA,NA,NA,NA2008,1,7,1,2010,2005,2338,2335,WN,1189,N212WN,148,150,135,3,5,MDW,MCO,989,3,10,0,,0,NA,NA,NA,NA,NA2008,1,7,1,1357,1400,1724,1730,WN,1206,N744SW,147,150,131,-6,-3,MDW,MCO,989,9,7,0,,0,NA,NA,NA,NA,NA2008,1,7,1,801,805,1124,1135,WN,1765,N743SW,143,150,129,-11,-4,MDW,MCO,989,4,10,0,,0,NA,NA,NA,NA,NA2008,1,7,1,1022,1020,1352,1350,WN,2631,N700GS,150,150,130,2,2,MDW,MCO,989,7,13,0,,0,NA,NA,NA,NA,NA2008,1,7,1,1711,1710,2046,2040,WN,3050,N213WN,155,150,129,6,1,MDW,MCO,989,10,16,0,,0,NA,NA,NA,NA,NA2008,1,7,1,2035,1935,10,2305,WN,3919,N261WN,155,150,135,65,60,MDW,MCO,989,5,15,0,,0,0,0,5,0,602008,1,7,1,2031,2015,2333,2315,WN,396,N785SW,122,120,107,18,16,MDW,MHT,838,3,12,0,,0,3,0,2,0,132008,1,7,1,633,635,922,935,WN,1674,N780SW,109,120,96,-13,-2,MDW,MHT,838,5,8,0,,0,NA,NA,NA,NA,NA2008,1,7,1,1909,1805,2217,2110,WN,1951,N342SW,128,125,103,67,64,MDW,MHT,838,4,21,0,,0,0,64,3,0,02008,1,7,1,1343,1345,1643,1645,WN,2524,N288WN,120,120,96,-2,-2,MDW,MHT,838,6,18,0,,0,NA,NA,NA,NA,NA2008,1,7,1,1037,1040,1321,1340,WN,2813,N219WN,104,120,95,-19,-3,MDW,MHT,838,3,6,0,,0,NA,NA,NA,NA,NA2008,1,7,1,1400,1400,1611,1620,WN,1192,N214WN,131,140,120,-9,0,MDW,MSY,825,2,9,0,,0,NA,NA,NA,NA,NA2008,1,7,1,908,905,1140,1150,WN,142,N749SW,272,285,256,-10,3,MDW,OAK,1844,6,10,0,,0,NA,NA,NA,NA,NA2008,1,7,1,1150,1155,1425,1435,WN,562,N719SW,275,280,258,-10,-5,MDW,OAK,1844,8,9,0,,0,NA,NA,NA,NA,NA2008,1,7,1,2140,2010,6,2250,WN,1076,N480WN,266,280,254,76,90,MDW,OAK,1844,6,6,0,,0,36,0,0,0,402008,1,7,1,1632,1630,1859,1915,WN,1161,N491WN,267,285,255,-16,2,MDW,OAK,1844,4,8,0,,0,NA,NA,NA,NA,NA2008,1,7,1,1330,1330,1602,1615,WN,2195,N453WN,272,285,260,-13,0,MDW,OAK,1844,5,7,0,,0,NA,NA,NA,NA,NA2008,1,7,1,951,955,1116,1120,WN,555,N527SW,85,85,74,-4,-4,MDW,OMA,423,3,8,0,,0,NA,NA,NA,NA,NA2008,1,7,1,1235,1235,1359,1400,WN,1066,N608SW,84,85,76,-1,0,MDW,OMA,423,2,6,0,,0,NA,NA,NA,NA,NA2008,1,7,1,1816,1735,1940,1900,WN,1423,N364SW,84,85,75,40,41,MDW,OMA,423,3,6,0,,0,0,40,0,0,02008,1,7,1,659,700,828,825,WN,2544,N504SW,89,85,75,3,-1,MDW,OMA,423,3,11,0,,0,NA,NA,NA,NA,NA2008,1,7,1,2355,2115,127,2240,WN,3491,N385SW,92,85,76,167,160,MDW,OMA,423,2,14,0,,0,3,0,7,0,1572008,1,7,1,1557,1600,1721,1725,WN,3832,N261WN,84,85,75,-4,-3,MDW,OMA,423,3,6,0,,0,NA,NA,NA,NA,NA2008,1,7,1,1324,1325,1610,1620,WN,568,N422WN,106,115,97,-10,-1,MDW,ORF,704,3,6,0,,0,NA,NA,NA,NA,NA2008,1,7,1,2248,1915,132,2210,WN,3510,N289CT,104,115,93,202,213,MDW,ORF,704,4,7,0,,0,31,0,0,0,1712008,1,7,1,840,835,1101,1105,WN,561,N258WN,261,270,236,-4,5,MDW,PDX,1751,17,8,0,,0,NA,NA,NA,NA,NA2008,1,7,1,2300,1835,113,2105,WN,2804,N420WN,253,270,240,248,265,MDW,PDX,1751,5,8,0,,0,27,0,0,0,2212008,1,7,1,1533,1540,1815,1850,WN,79,N248WN,102,130,89,-35,-7,MDW,PHL,668,4,9,0,,0,NA,NA,NA,NA,NA2008,1,7,1,629,630,909,925,WN,235,N297WN,100,115,86,-16,-1,MDW,PHL,668,5,9,0,,0,NA,NA,NA,NA,NA2008,1,7,1,1244,1245,1528,1545,WN,792,N736SA,104,120,92,-17,-1,MDW,PHL,668,4,8,0,,0,NA,NA,NA,NA,NA2008,1,7,1,2105,1845,2347,2145,WN,1136,N493WN,102,120,87,122,140,MDW,PHL,668,8,7,0,,0,19,0,0,0,1032008,1,7,1,1710,1715,2005,2025,WN,2789,N774SW,115,130,99,-20,-5,MDW,PHL,668,10,6,0,,0,NA,NA,NA,NA,NA2008,1,7,1,600,600,853,855,WN,3153,N621SW,113,115,101,-2,0,MDW,PHL,668,4,8,0,,0,NA,NA,NA,NA,NA2008,1,7,1,933,935,1214,1230,WN,3757,N211WN,101,115,88,-16,-2,MDW,PHL,668,4,9,0,,0,NA,NA,NA,NA,NA2008,1,7,1,41,2135,320,25,WN,3927,N621SW,99,110,81,175,186,MDW,PHL,668,7,11,0,,0,175,0,0,0,02008,1,7,1,816,815,1123,1105,WN,259,N723SW,247,230,236,18,1,MDW,PHX,1444,5,6,0,,0,0,0,18,0,02008,1,7,1,645,645,1008,940,WN,616,N441WN,263,235,246,28,0,MDW,PHX,1444,6,11,0,,0,0,0,28,0,02008,1,7,1,1505,1510,1800,1805,WN,921,N266WN,235,235,216,-5,-5,MDW,PHX,1444,6,13,0,,0,NA,NA,NA,NA,NA2008,1,7,1,2255,2010,126,2300,WN,1023,N701GS,211,230,201,146,165,MDW,PHX,1444,4,6,0,,0,8,0,0,0,1382008,1,7,1,1921,1725,2246,2020,WN,1827,N489WN,265,235,211,146,116,MDW,PHX,1444,48,6,0,,0,0,0,30,0,1162008,1,7,1,1244,1245,1549,1540,WN,1842,N419WN,245,235,230,9,-1,MDW,PHX,1444,7,8,0,,0,NA,NA,NA,NA,NA2008,1,7,1,2355,2130,237,15,WN,3336,N488WN,222,225,207,142,145,MDW,PHX,1444,3,12,0,,0,31,0,0,0,1112008,1,7,1,1007,1010,1318,1300,WN,3501,N409WN,251,230,238,18,-3,MDW,PHX,1444,5,8,0,,0,0,0,18,0,02008,1,7,1,2109,2050,2340,2305,WN,337,N268WN,91,75,75,35,19,MDW,PIT,402,6,10,0,,0,0,4,16,0,152008,1,7,1,726,730,936,950,WN,1414,N460WN,70,80,58,-14,-4,MDW,PIT,402,3,9,0,,0,NA,NA,NA,NA,NA2008,1,7,1,1533,1515,1750,1730,WN,2445,N651SW,77,75,58,20,18,MDW,PIT,402,7,12,0,,0,11,0,2,0,72008,1,7,1,1117,1115,1325,1330,WN,3170,N266WN,68,75,57,-5,2,MDW,PIT,402,5,6,0,,0,NA,NA,NA,NA,NA2008,1,7,1,1926,1755,2151,2010,WN,3249,N769SW,85,75,71,101,91,MDW,PIT,402,6,8,0,,0,0,0,101,0,02008,1,7,1,618,620,828,840,WN,3414,N409WN,70,80,54,-12,-2,MDW,PIT,402,7,9,0,,0,NA,NA,NA,NA,NA2008,1,7,1,650,650,949,955,WN,1064,N676SW,119,125,104,-6,0,MDW,PVD,842,5,10,0,,0,NA,NA,NA,NA,NA2008,1,7,1,2030,2030,2354,2335,WN,2174,N324SW,144,125,113,19,0,MDW,PVD,842,4,27,0,,0,0,0,19,0,02008,1,7,1,1253,1235,1551,1540,WN,2974,N745SW,118,125,102,11,18,MDW,PVD,842,5,11,0,,0,NA,NA,NA,NA,NA2008,1,7,1,1837,1815,2224,2120,WN,3831,N712SW,167,125,118,64,22,MDW,PVD,842,6,43,0,,0,0,22,42,0,02008,1,7,1,1514,1515,1752,1805,WN,255,N480WN,98,110,83,-13,-1,MDW,RDU,632,4,11,0,,0,NA,NA,NA,NA,NA2008,1,7,1,1206,1210,1447,1455,WN,1429,N671SW,101,105,87,-8,-4,MDW,RDU,632,3,11,0,,0,NA,NA,NA,NA,NA2008,1,7,1,2044,2020,2325,2300,WN,3063,N551WN,101,100,89,25,24,MDW,RDU,632,3,9,0,,0,24,0,1,0,02008,1,7,1,706,705,950,950,WN,3675,N232WN,104,105,83,0,1,MDW,RDU,632,3,18,0,,0,NA,NA,NA,NA,NA2008,1,7,1,1508,1435,1722,1650,WN,1276,N725SW,254,255,238,32,33,MDW,RNO,1680,4,12,0,,0,31,0,0,0,12008,1,7,1,1206,1210,1543,1600,WN,1218,N753SW,157,170,145,-17,-4,MDW,RSW,1105,3,9,0,,0,NA,NA,NA,NA,NA2008,1,7,1,2015,1955,2356,2340,WN,1558,N220WN,161,165,145,16,20,MDW,RSW,1105,3,13,0,,0,0,0,0,0,162008,1,7,1,916,915,1250,1305,WN,3413,N762SW,154,170,144,-15,1,MDW,RSW,1105,3,7,0,,0,NA,NA,NA,NA,NA2008,1,7,1,1323,1240,1550,1505,WN,299,N272WN,267,265,256,45,43,MDW,SAN,1728,3,8,0,,0,3,0,2,0,402008,1,7,1,628,630,844,855,WN,339,N412WN,256,265,248,-11,-2,MDW,SAN,1728,3,5,0,,0,NA,NA,NA,NA,NA2008,1,7,1,820,820,1042,1045,WN,635,N764SW,262,265,252,-3,0,MDW,SAN,1728,2,8,0,,0,NA,NA,NA,NA,NA2008,1,7,1,1424,1430,1636,1655,WN,1188,N450WN,252,265,244,-19,-6,MDW,SAN,1728,1,7,0,,0,NA,NA,NA,NA,NA2008,1,7,1,2226,1835,31,2100,WN,2729,N422WN,245,265,235,211,231,MDW,SAN,1728,3,7,0,,0,0,8,0,0,2032008,1,7,1,804,750,1109,1045,WN,511,N752SW,185,175,171,24,14,MDW,SAT,1036,2,12,0,,0,4,0,10,0,102008,1,7,1,2111,1845,17,2140,WN,1394,N782SA,186,175,172,157,146,MDW,SAT,1036,3,11,0,,0,0,0,17,0,1402008,1,7,1,2100,2055,2300,2300,WN,74,N718SW,60,65,49,0,5,MDW,SDF,271,4,7,0,,0,NA,NA,NA,NA,NA2008,1,7,1,626,625,830,830,WN,247,N353SW,64,65,50,0,1,MDW,SDF,271,4,10,0,,0,NA,NA,NA,NA,NA2008,1,7,1,1838,1755,2124,2000,WN,693,N478WN,106,65,48,84,43,MDW,SDF,271,3,55,0,,0,0,43,41,0,02008,1,7,1,1355,1355,1555,1600,WN,823,N484WN,60,65,48,-5,0,MDW,SDF,271,5,7,0,,0,NA,NA,NA,NA,NA2008,1,7,1,1054,1055,1254,1300,WN,2019,N604SW,60,65,48,-6,-1,MDW,SDF,271,4,8,0,,0,NA,NA,NA,NA,NA2008,1,7,1,2124,2000,2327,2230,WN,421,N290WN,243,270,232,57,84,MDW,SEA,1733,4,7,0,,0,7,0,0,0,502008,1,7,1,1042,1040,1249,1310,WN,658,N212WN,247,270,234,-21,2,MDW,SEA,1733,6,7,0,,0,NA,NA,NA,NA,NA2008,1,7,1,755,755,1002,1025,WN,2702,N774SW,247,270,234,-23,0,MDW,SEA,1733,4,9,0,,0,NA,NA,NA,NA,NA2008,1,7,1,2325,1915,156,2205,WN,1009,N729SW,271,290,253,231,250,MDW,SFO,1855,6,12,0,,0,0,32,0,0,1992008,1,7,1,1311,1305,1543,1555,WN,1837,N704SW,272,290,257,-12,6,MDW,SFO,1855,5,10,0,,0,NA,NA,NA,NA,NA2008,1,7,1,949,950,1221,1240,WN,3846,N210WN,272,290,259,-19,-1,MDW,SFO,1855,5,8,0,,0,NA,NA,NA,NA,NA2008,1,7,1,740,735,1004,1020,WN,220,N295WN,264,285,252,-16,5,MDW,SJC,1838,4,8,0,,0,NA,NA,NA,NA,NA2008,1,7,1,1842,1815,2115,2100,WN,2199,N736SA,273,285,259,15,27,MDW,SJC,1838,3,11,0,,0,0,15,0,0,02008,1,7,1,925,925,1142,1155,WN,151,N256WN,197,210,185,-13,0,MDW,SLC,1258,3,9,0,,0,NA,NA,NA,NA,NA2008,1,7,1,1818,1640,2035,1910,WN,1662,N490WN,197,210,186,85,98,MDW,SLC,1258,3,8,0,,0,0,85,0,0,02008,1,7,1,2139,1930,2,2200,WN,163,N705SW,263,270,242,122,129,MDW,SMF,1790,5,16,0,,0,28,0,0,0,942008,1,7,1,820,825,1037,1055,WN,3145,N472WN,257,270,242,-18,-5,MDW,SMF,1790,4,11,0,,0,NA,NA,NA,NA,NA2008,1,7,1,1018,1000,1121,1105,WN,29,N366SW,63,65,51,16,18,MDW,STL,251,3,9,0,,0,10,0,0,0,62008,1,7,1,NA,1755,NA,1900,WN,166,,NA,65,NA,NA,NA,MDW,STL,251,NA,NA,1,B,0,NA,NA,NA,NA,NA2008,1,7,1,54,2125,210,2225,WN,393,N643SW,76,60,64,225,209,MDW,STL,251,4,8,0,,0,0,34,16,0,1752008,1,7,1,2358,1855,105,2000,WN,490,N651SW,67,65,50,305,303,MDW,STL,251,4,13,0,,0,0,30,2,0,2732008,1,7,1,728,730,829,830,WN,631,N263WN,61,60,50,-1,-2,MDW,STL,251,3,8,0,,0,NA,NA,NA,NA,NA2008,1,7,1,NA,1555,NA,1700,WN,952,,NA,65,NA,NA,NA,MDW,STL,251,NA,NA,1,A,0,NA,NA,NA,NA,NA2008,1,7,1,1101,1110,1205,1215,WN,1402,N662SW,64,65,48,-10,-9,MDW,STL,251,3,13,0,,0,NA,NA,NA,NA,NA2008,1,7,1,622,625,725,725,WN,1586,N327SW,63,60,51,0,-3,MDW,STL,251,4,8,0,,0,NA,NA,NA,NA,NA2008,1,7,1,805,805,917,910,WN,2177,N507SW,72,65,61,7,0,MDW,STL,251,3,8,0,,0,NA,NA,NA,NA,NA2008,1,7,1,1447,1445,1549,1550,WN,2205,N391SW,62,65,49,-1,2,MDW,STL,251,4,9,0,,0,NA,NA,NA,NA,NA2008,1,7,1,1650,1655,1757,1800,WN,2263,N506SW,67,65,52,-3,-5,MDW,STL,251,5,10,0,,0,NA,NA,NA,NA,NA2008,1,7,1,1303,1305,1404,1410,WN,2361,N387SW,61,65,48,-6,-2,MDW,STL,251,4,9,0,,0,NA,NA,NA,NA,NA2008,1,7,1,1838,1740,2245,2115,WN,26,N727SW,187,155,131,90,58,MDW,TPA,997,5,51,0,,0,0,58,32,0,02008,1,7,1,844,845,1216,1220,WN,89,N487WN,152,155,132,-4,-1,MDW,TPA,997,4,16,0,,0,NA,NA,NA,NA,NA2008,1,7,1,1347,1350,1710,1720,WN,477,N730SW,143,150,134,-10,-3,MDW,TPA,997,3,6,0,,0,NA,NA,NA,NA,NA2008,1,7,1,2049,2050,17,20,WN,514,N227WN,148,150,137,-3,-1,MDW,TPA,997,3,8,0,,0,NA,NA,NA,NA,NA2008,1,7,1,619,620,946,950,WN,979,N608SW,147,150,136,-4,-1,MDW,TPA,997,4,7,0,,0,NA,NA,NA,NA,NA2008,1,7,1,1624,1625,1956,2000,WN,1153,N608SW,152,155,138,-4,-1,MDW,TPA,997,4,10,0,,0,NA,NA,NA,NA,NA2008,1,7,1,1043,1040,1411,1410,WN,1847,N200WN,148,150,136,1,3,MDW,TPA,997,3,9,0,,0,NA,NA,NA,NA,NA2008,1,7,1,1105,1105,1408,1350,WN,280,N494WN,243,225,225,18,0,MDW,TUS,1440,7,11,0,,0,0,0,18,0,02008,1,7,1,2144,1845,28,2130,WN,422,N201LV,224,225,209,178,179,MDW,TUS,1440,3,12,0,,0,9,0,0,0,1692008,1,7,1,1156,1150,1317,1325,WN,145,N473WN,81,95,69,-8,6,MHT,BWI,377,3,9,0,,0,NA,NA,NA,NA,NA2008,1,7,1,719,720,845,855,WN,420,N245WN,86,95,68,-10,-1,MHT,BWI,377,2,16,0,,0,NA,NA,NA,NA,NA2008,1,7,1,1857,1900,2020,2035,WN,435,N634SW,83,95,69,-15,-3,MHT,BWI,377,3,11,0,,0,NA,NA,NA,NA,NA2008,1,7,1,1006,1010,1124,1145,WN,1061,N780SW,78,95,68,-21,-4,MHT,BWI,377,3,7,0,,0,NA,NA,NA,NA,NA2008,1,7,1,2233,2130,2359,2300,WN,2038,N342SW,86,90,71,59,63,MHT,BWI,377,4,11,0,,0,0,0,0,0,592008,1,7,1,609,610,734,745,WN,2110,N713SW,85,95,66,-11,-1,MHT,BWI,377,3,16,0,,0,NA,NA,NA,NA,NA2008,1,7,1,856,855,1012,1025,WN,2266,N674AA,76,90,66,-13,1,MHT,BWI,377,2,8,0,,0,NA,NA,NA,NA,NA2008,1,7,1,1444,1445,1604,1620,WN,2437,N246LV,80,95,69,-16,-1,MHT,BWI,377,3,8,0,,0,NA,NA,NA,NA,NA2008,1,7,1,1716,1715,1846,1850,WN,2611,N288WN,90,95,68,-4,1,MHT,BWI,377,5,17,0,,0,NA,NA,NA,NA,NA2008,1,7,1,1550,1555,1711,1730,WN,3226,N330SW,81,95,69,-19,-5,MHT,BWI,377,2,10,0,,0,NA,NA,NA,NA,NA2008,1,7,1,1314,1305,1438,1435,WN,3691,N229WN,84,90,73,3,9,MHT,BWI,377,4,7,0,,0,NA,NA,NA,NA,NA2008,1,7,1,645,645,937,950,WN,2719,N416WN,352,365,338,-13,0,MHT,LAS,2356,5,9,0,,0,NA,NA,NA,NA,NA2008,1,7,1,1131,1135,1430,1500,WN,976,N284WN,179,205,154,-30,-4,MHT,MCO,1142,15,10,0,,0,NA,NA,NA,NA,NA2008,1,7,1,936,940,1235,1305,WN,1933,N755SA,179,205,159,-30,-4,MHT,MCO,1142,8,12,0,,0,NA,NA,NA,NA,NA2008,1,7,1,1651,1650,1948,2010,WN,2213,N278WN,177,200,159,-22,1,MHT,MCO,1142,7,11,0,,0,NA,NA,NA,NA,NA2008,1,7,1,655,640,953,1005,WN,2980,N401WN,178,205,155,-12,15,MHT,MCO,1142,7,16,0,,0,NA,NA,NA,NA,NA2008,1,7,1,2110,2115,10,30,WN,3680,N437WN,180,195,161,-20,-5,MHT,MCO,1142,7,12,0,,0,NA,NA,NA,NA,NA2008,1,7,1,1034,1005,1159,1140,WN,813,N306SW,145,155,134,19,29,MHT,MDW,838,4,7,0,,0,3,0,0,0,162008,1,7,1,2149,2100,2356,2235,WN,2704,N357SW,187,155,170,81,49,MHT,MDW,838,6,11,0,,0,0,0,81,0,02008,1,7,1,1746,1750,1948,1925,WN,2888,N647SW,182,155,166,23,-4,MHT,MDW,838,5,11,0,,0,0,0,23,0,02008,1,7,1,1405,1410,1533,1545,WN,2900,N219WN,148,155,132,-12,-5,MHT,MDW,838,3,13,0,,0,NA,NA,NA,NA,NA2008,1,7,1,619,620,752,800,WN,3145,N472WN,153,160,139,-8,-1,MHT,MDW,838,5,9,0,,0,NA,NA,NA,NA,NA2008,1,7,1,1629,1630,1746,1800,WN,312,N389SW,77,90,63,-14,-1,MHT,PHL,290,4,10,0,,0,NA,NA,NA,NA,NA2008,1,7,1,1410,1415,1532,1545,WN,1082,N621SW,82,90,70,-13,-5,MHT,PHL,290,3,9,0,,0,NA,NA,NA,NA,NA2008,1,7,1,659,700,828,830,WN,1849,N650SW,89,90,75,-2,-1,MHT,PHL,290,4,10,0,,0,NA,NA,NA,NA,NA2008,1,7,1,937,920,1055,1045,WN,2463,N216WR,78,85,63,10,17,MHT,PHL,290,5,10,0,,0,NA,NA,NA,NA,NA2008,1,7,1,1205,1210,1321,1340,WN,3316,N724SW,76,90,63,-19,-5,MHT,PHL,290,3,10,0,,0,NA,NA,NA,NA,NA2008,1,7,1,1922,1855,2039,2025,WN,3685,N717SA,77,90,60,14,27,MHT,PHL,290,4,13,0,,0,NA,NA,NA,NA,NA2008,1,7,1,1636,1635,2035,2030,WN,1033,N402WN,359,355,343,5,1,MHT,PHX,2279,8,8,0,,0,NA,NA,NA,NA,NA2008,1,7,1,751,755,1049,1125,WN,3241,N269WN,178,210,166,-36,-4,MHT,TPA,1204,5,7,0,,0,NA,NA,NA,NA,NA2008,1,7,1,1349,1350,1655,1725,WN,3516,N447WN,186,215,164,-30,-1,MHT,TPA,1204,14,8,0,,0,NA,NA,NA,NA,NA2008,1,7,1,1920,1920,2009,2035,WN,41,N423WN,49,75,42,-26,0,MSY,BHM,321,2,5,0,,0,NA,NA,NA,NA,NA2008,1,7,1,1143,1120,1243,1235,WN,521,N630WN,60,75,47,8,23,MSY,BHM,321,2,11,0,,0,NA,NA,NA,NA,NA2008,1,7,1,757,800,856,915,WN,1317,N707SA,59,75,49,-19,-3,MSY,BHM,321,3,7,0,,0,NA,NA,NA,NA,NA2008,1,7,1,1616,1615,1737,1740,WN,762,N220WN,81,85,67,-3,1,MSY,BNA,471,4,10,0,,0,NA,NA,NA,NA,NA2008,1,7,1,732,735,854,855,WN,3676,N523SW,82,80,68,-1,-3,MSY,BNA,471,5,9,0,,0,NA,NA,NA,NA,NA2008,1,7,1,824,825,1142,1140,WN,432,N679AA,138,135,128,2,-1,MSY,BWI,998,2,8,0,,0,NA,NA,NA,NA,NA2008,1,7,1,646,650,805,815,WN,110,N505SW,79,85,69,-10,-4,MSY,DAL,437,4,6,0,,0,NA,NA,NA,NA,NA2008,1,7,1,1744,1745,1905,1910,WN,426,N664WN,81,85,70,-5,-1,MSY,DAL,437,3,8,0,,0,NA,NA,NA,NA,NA2008,1,7,1,855,855,1013,1020,WN,467,N653SW,78,85,69,-7,0,MSY,DAL,437,3,6,0,,0,NA,NA,NA,NA,NA2008,1,7,1,1507,1505,1634,1630,WN,1936,N650SW,87,85,70,4,2,MSY,DAL,437,5,12,0,,0,NA,NA,NA,NA,NA2008,1,7,1,1200,1200,1322,1325,WN,2101,N222WN,82,85,69,-3,0,MSY,DAL,437,4,9,0,,0,NA,NA,NA,NA,NA2008,1,7,1,2031,2035,2148,2200,WN,3134,N635SW,77,85,68,-12,-4,MSY,DAL,437,3,6,0,,0,NA,NA,NA,NA,NA2008,1,7,1,1203,1205,1444,1445,WN,1194,N654SW,101,100,90,-1,-2,MSY,FLL,673,3,8,0,,0,NA,NA,NA,NA,NA2008,1,7,1,1356,1355,1500,1505,WN,223,N733SA,64,70,49,-5,1,MSY,HOU,303,4,11,0,,0,NA,NA,NA,NA,NA2008,1,7,1,2101,1930,2204,2040,WN,570,N604SW,63,70,51,84,91,MSY,HOU,303,5,7,0,,0,84,0,0,0,02008,1,7,1,2055,2100,2156,2205,WN,623,N401WN,61,65,51,-9,-5,MSY,HOU,303,5,5,0,,0,NA,NA,NA,NA,NA2008,1,7,1,1134,1135,1237,1245,WN,689,N464WN,63,70,49,-8,-1,MSY,HOU,303,4,10,0,,0,NA,NA,NA,NA,NA2008,1,7,1,1643,1645,1742,1755,WN,1192,N214WN,59,70,49,-13,-2,MSY,HOU,303,3,7,0,,0,NA,NA,NA,NA,NA2008,1,7,1,945,945,1047,1055,WN,1343,N644SW,62,70,52,-8,0,MSY,HOU,303,4,6,0,,0,NA,NA,NA,NA,NA2008,1,7,1,746,740,850,850,WN,1481,N463WN,64,70,50,0,6,MSY,HOU,303,6,8,0,,0,NA,NA,NA,NA,NA2008,1,7,1,1839,1840,1948,1950,WN,1950,N432WN,69,70,55,-2,-1,MSY,HOU,303,3,11,0,,0,NA,NA,NA,NA,NA2008,1,7,1,904,905,1012,1015,WN,2089,N525SW,68,70,57,-3,-1,MSY,HOU,303,4,7,0,,0,NA,NA,NA,NA,NA2008,1,7,1,1543,1540,1651,1650,WN,3321,N469WN,68,70,50,1,3,MSY,HOU,303,4,14,0,,0,NA,NA,NA,NA,NA2008,1,7,1,627,630,745,740,WN,3502,N333SW,78,70,59,5,-3,MSY,HOU,303,7,12,0,,0,NA,NA,NA,NA,NA2008,1,7,1,839,840,1039,1040,WN,125,N404WN,240,240,224,-1,-1,MSY,LAS,1501,7,9,0,,0,NA,NA,NA,NA,NA2008,1,7,1,1639,1635,1835,1835,WN,1254,N414WN,236,240,219,0,4,MSY,LAS,1501,7,10,0,,0,NA,NA,NA,NA,NA2008,1,7,1,623,625,907,905,WN,458,N735SA,104,100,83,2,-2,MSY,MCO,550,9,12,0,,0,NA,NA,NA,NA,NA2008,1,7,1,1355,1400,1629,1640,WN,1170,N313SW,94,100,80,-11,-5,MSY,MCO,550,5,9,0,,0,NA,NA,NA,NA,NA2008,1,7,1,2007,2010,2258,2245,WN,2624,N374SW,111,95,97,13,-3,MSY,MCO,550,6,8,0,,0,NA,NA,NA,NA,NA2008,1,7,1,1141,1145,1416,1425,WN,3067,N401WN,95,100,79,-9,-4,MSY,MCO,550,8,8,0,,0,NA,NA,NA,NA,NA2008,1,7,1,1642,1645,1920,1855,WN,714,N708SA,158,130,142,25,-3,MSY,MDW,825,6,10,0,,0,0,0,25,0,02008,1,7,1,1233,1230,1508,1510,WN,169,N550WN,215,220,198,-2,3,MSY,PHX,1301,5,12,0,,0,NA,NA,NA,NA,NA2008,1,7,1,1604,1610,1833,1830,WN,85,N361SW,89,80,73,3,-6,MSY,TPA,487,4,12,0,,0,NA,NA,NA,NA,NA2008,1,7,1,1238,1240,1459,1505,WN,788,N786SW,81,85,69,-6,-2,MSY,TPA,487,4,8,0,,0,NA,NA,NA,NA,NA2008,1,7,1,625,630,846,855,WN,806,N456WN,81,85,69,-9,-5,MSY,TPA,487,5,7,0,,0,NA,NA,NA,NA,NA2008,1,7,1,1102,1055,1410,1410,WN,45,N339SW,128,135,112,0,7,OAK,ABQ,889,4,12,0,,0,NA,NA,NA,NA,NA2008,1,7,1,659,700,1006,1015,WN,406,N351SW,127,135,115,-9,-1,OAK,ABQ,889,5,7,0,,0,NA,NA,NA,NA,NA2008,1,7,1,1934,1920,2229,2230,WN,527,N766SW,115,130,102,-1,14,OAK,ABQ,889,4,9,0,,0,NA,NA,NA,NA,NA2008,1,7,1,1149,1120,1743,1730,WN,882,N773SA,234,250,216,13,29,OAK,BNA,1959,7,11,0,,0,NA,NA,NA,NA,NA2008,1,7,1,1107,1010,1339,1240,WN,783,N337SW,92,90,73,59,57,OAK,BOI,511,2,17,0,,0,1,0,2,0,562008,1,7,1,1929,1935,2147,2200,WN,2612,N228WN,78,85,66,-13,-6,OAK,BOI,511,4,8,0,,0,NA,NA,NA,NA,NA2008,1,7,1,1640,1615,1740,1720,WN,346,N280WN,60,65,48,20,25,OAK,BUR,325,4,8,0,,0,16,0,0,0,42008,1,7,1,1920,1855,2020,2000,WN,444,N675AA,60,65,51,20,25,OAK,BUR,325,2,7,0,,0,0,0,0,0,202008,1,7,1,1452,1445,1550,1550,WN,481,N439WN,58,65,47,0,7,OAK,BUR,325,4,7,0,,0,NA,NA,NA,NA,NA2008,1,7,1,1142,1135,1247,1240,WN,891,N209WN,65,65,48,7,7,OAK,BUR,325,11,6,0,,0,NA,NA,NA,NA,NA2008,1,7,1,2013,2015,2120,2120,WN,1150,N284WN,67,65,50,0,-2,OAK,BUR,325,8,9,0,,0,NA,NA,NA,NA,NA2008,1,7,1,NA,930,NA,1035,WN,1171,,NA,65,NA,NA,NA,OAK,BUR,325,NA,NA,1,A,0,NA,NA,NA,NA,NA2008,1,7,1,1706,1705,1815,1810,WN,1219,N327SW,69,65,50,5,1,OAK,BUR,325,3,16,0,,0,NA,NA,NA,NA,NA2008,1,7,1,701,700,809,805,WN,1241,N699SW,68,65,48,4,1,OAK,BUR,325,6,14,0,,0,NA,NA,NA,NA,NA2008,1,7,1,NA,1520,NA,1625,WN,1311,,NA,65,NA,NA,NA,OAK,BUR,325,NA,NA,1,A,0,NA,NA,NA,NA,NA2008,1,7,1,1308,1310,1405,1415,WN,2283,N430WN,57,65,46,-10,-2,OAK,BUR,325,6,5,0,,0,NA,NA,NA,NA,NA2008,1,7,1,1041,1035,1138,1140,WN,2459,N398SW,57,65,47,-2,6,OAK,BUR,325,4,6,0,,0,NA,NA,NA,NA,NA2008,1,7,1,1748,1750,1844,1855,WN,2550,N216WR,56,65,45,-11,-2,OAK,BUR,325,4,7,0,,0,NA,NA,NA,NA,NA2008,1,7,1,1223,1220,1328,1325,WN,2614,N618WN,65,65,49,3,3,OAK,BUR,325,5,11,0,,0,NA,NA,NA,NA,NA2008,1,7,1,1934,1930,2031,2035,WN,2732,N335SW,57,65,48,-4,4,OAK,BUR,325,1,8,0,,0,NA,NA,NA,NA,NA2008,1,7,1,856,855,953,1000,WN,3581,N265WN,57,65,46,-7,1,OAK,BUR,325,4,7,0,,0,NA,NA,NA,NA,NA2008,1,7,1,2051,2050,2156,2155,WN,3589,N333SW,65,65,50,1,1,OAK,BUR,325,2,13,0,,0,NA,NA,NA,NA,NA2008,1,7,1,803,805,858,910,WN,3772,N474WN,55,65,45,-12,-2,OAK,BUR,325,2,8,0,,0,NA,NA,NA,NA,NA2008,1,7,1,1327,1310,1646,1635,WN,494,N444WN,139,145,126,11,17,OAK,DEN,957,6,7,0,,0,NA,NA,NA,NA,NA2008,1,7,1,1649,1650,2002,2015,WN,497,N438WN,133,145,118,-13,-1,OAK,DEN,957,8,7,0,,0,NA,NA,NA,NA,NA2008,1,7,1,1909,1910,2217,2235,WN,1426,N429WN,128,145,112,-18,-1,OAK,DEN,957,6,10,0,,0,NA,NA,NA,NA,NA2008,1,7,1,630,630,952,955,WN,1502,N318SW,142,145,123,-3,0,OAK,DEN,957,7,12,0,,0,NA,NA,NA,NA,NA2008,1,7,1,1147,1015,1502,1340,WN,1760,N638SW,135,145,118,82,92,OAK,DEN,957,7,10,0,,0,10,0,0,0,722008,1,7,1,1945,1940,2135,2140,WN,223,N733SA,110,120,97,-5,5,OAK,GEG,723,4,9,0,,0,NA,NA,NA,NA,NA2008,1,7,1,935,935,1159,1135,WN,2639,N742SW,144,120,107,24,0,OAK,GEG,723,3,34,0,,0,0,0,24,0,02008,1,7,1,1529,1520,2102,2100,WN,78,N711HK,213,220,198,2,9,OAK,HOU,1642,4,11,0,,0,NA,NA,NA,NA,NA2008,1,7,1,1107,1050,1633,1630,WN,506,N257WN,206,220,195,3,17,OAK,HOU,1642,3,8,0,,0,NA,NA,NA,NA,NA2008,1,7,1,1525,1500,1648,1625,WN,302,N694SW,83,85,63,23,25,OAK,LAS,407,7,13,0,,0,0,0,0,0,232008,1,7,1,2041,2040,2202,2205,WN,428,N398SW,81,85,65,-3,1,OAK,LAS,407,3,13,0,,0,NA,NA,NA,NA,NA2008,1,7,1,1245,1245,1404,1410,WN,500,N403WN,79,85,67,-6,0,OAK,LAS,407,4,8,0,,0,NA,NA,NA,NA,NA2008,1,7,1,702,700,820,825,WN,565,N740SW,78,85,63,-5,2,OAK,LAS,407,5,10,0,,0,NA,NA,NA,NA,NA2008,1,7,1,1028,1010,1146,1135,WN,752,N371SW,78,85,62,11,18,OAK,LAS,407,4,12,0,,0,NA,NA,NA,NA,NA2008,1,7,1,831,830,946,955,WN,762,N220WN,75,85,61,-9,1,OAK,LAS,407,4,10,0,,0,NA,NA,NA,NA,NA2008,1,7,1,1942,1945,2055,2105,WN,890,N491WN,73,80,59,-10,-3,OAK,LAS,407,4,10,0,,0,NA,NA,NA,NA,NA2008,1,7,1,633,630,747,755,WN,1034,N759GS,74,85,57,-8,3,OAK,LAS,407,6,11,0,,0,NA,NA,NA,NA,NA2008,1,7,1,1352,1355,1513,1520,WN,1585,N258WN,81,85,68,-7,-3,OAK,LAS,407,3,10,0,,0,NA,NA,NA,NA,NA2008,1,7,1,1125,1125,1255,1250,WN,1918,N690SW,90,85,63,5,0,OAK,LAS,407,10,17,0,,0,NA,NA,NA,NA,NA2008,1,7,1,1540,1540,1657,1705,WN,2632,N245WN,77,85,67,-8,0,OAK,LAS,407,4,6,0,,0,NA,NA,NA,NA,NA2008,1,7,1,1630,1630,1800,1755,WN,3327,N731SA,90,85,69,5,0,OAK,LAS,407,7,14,0,,0,NA,NA,NA,NA,NA2008,1,7,1,2114,2120,2229,2245,WN,3396,N740SW,75,85,63,-16,-6,OAK,LAS,407,4,8,0,,0,NA,NA,NA,NA,NA2008,1,7,1,1743,1745,1904,1910,WN,3940,N748SW,81,85,68,-6,-2,OAK,LAS,407,5,8,0,,0,NA,NA,NA,NA,NA2008,1,7,1,1159,1200,1311,1315,WN,75,N265WN,72,75,52,-4,-1,OAK,LAX,337,9,11,0,,0,NA,NA,NA,NA,NA2008,1,7,1,857,900,1016,1020,WN,96,N605SW,79,80,52,-4,-3,OAK,LAX,337,6,21,0,,0,NA,NA,NA,NA,NA2008,1,7,1,701,700,804,815,WN,224,N235WN,63,75,48,-11,1,OAK,LAX,337,6,9,0,,0,NA,NA,NA,NA,NA2008,1,7,1,1526,1530,1633,1645,WN,230,N618WN,67,75,52,-12,-4,OAK,LAX,337,6,9,0,,0,NA,NA,NA,NA,NA2008,1,7,1,1959,2000,2116,2120,WN,252,N305SW,77,80,59,-4,-1,OAK,LAX,337,7,11,0,,0,NA,NA,NA,NA,NA2008,1,7,1,838,830,952,945,WN,304,N309SW,74,75,53,7,8,OAK,LAX,337,6,15,0,,0,NA,NA,NA,NA,NA2008,1,7,1,728,730,835,845,WN,367,N433LV,67,75,51,-10,-2,OAK,LAX,337,6,10,0,,0,NA,NA,NA,NA,NA2008,1,7,1,1456,1500,1600,1615,WN,495,N719SW,64,75,50,-15,-4,OAK,LAX,337,4,10,0,,0,NA,NA,NA,NA,NA2008,1,7,1,1300,1300,1404,1415,WN,746,N746SW,64,75,52,-11,0,OAK,LAX,337,5,7,0,,0,NA,NA,NA,NA,NA2008,1,7,1,1726,1730,1832,1845,WN,925,N315SW,66,75,52,-13,-4,OAK,LAX,337,5,9,0,,0,NA,NA,NA,NA,NA2008,1,7,1,1355,1400,1506,1515,WN,1107,N474WN,71,75,53,-9,-5,OAK,LAX,337,8,10,0,,0,NA,NA,NA,NA,NA2008,1,7,1,2104,2100,2209,2215,WN,1192,N214WN,65,75,49,-6,4,OAK,LAX,337,7,9,0,,0,NA,NA,NA,NA,NA2008,1,7,1,1830,1830,1932,1945,WN,1485,N750SA,62,75,49,-13,0,OAK,LAX,337,5,8,0,,0,NA,NA,NA,NA,NA2008,1,7,1,1631,1600,1742,1715,WN,1671,N302SW,71,75,54,27,31,OAK,LAX,337,8,9,0,,0,0,0,0,0,272008,1,7,1,557,600,659,715,WN,2111,N224WN,62,75,46,-16,-3,OAK,LAX,337,6,10,0,,0,NA,NA,NA,NA,NA2008,1,7,1,1700,1700,1805,1815,WN,2208,N386SW,65,75,52,-10,0,OAK,LAX,337,6,7,0,,0,NA,NA,NA,NA,NA2008,1,7,1,1004,1000,1110,1115,WN,2624,N374SW,66,75,53,-5,4,OAK,LAX,337,5,8,0,,0,NA,NA,NA,NA,NA2008,1,7,1,1124,1100,1234,1215,WN,2733,N646SW,70,75,51,19,24,OAK,LAX,337,5,14,0,,0,0,0,0,0,192008,1,7,1,817,800,922,915,WN,3245,N253WN,65,75,52,7,17,OAK,LAX,337,6,7,0,,0,NA,NA,NA,NA,NA2008,1,7,1,1805,1800,1907,1915,WN,3394,N221WN,62,75,52,-8,5,OAK,LAX,337,5,5,0,,0,NA,NA,NA,NA,NA2008,1,7,1,1859,1900,2010,2015,WN,3939,N349SW,71,75,52,-5,-1,OAK,LAX,337,5,14,0,,0,NA,NA,NA,NA,NA2008,1,7,1,758,755,1311,1320,WN,3320,N249WN,193,205,177,-9,3,OAK,MCI,1489,5,11,0,,0,NA,NA,NA,NA,NA2008,1,7,1,1340,1340,1856,1905,WN,3829,N709SW,196,205,170,-9,0,OAK,MCI,1489,18,8,0,,0,NA,NA,NA,NA,NA2008,1,7,1,914,905,1459,1505,WN,79,N248WN,225,240,211,-6,9,OAK,MDW,1844,4,10,0,,0,NA,NA,NA,NA,NA2008,1,7,1,1425,1425,2006,2025,WN,514,N227WN,221,240,209,-19,0,OAK,MDW,1844,5,7,0,,0,NA,NA,NA,NA,NA2008,1,7,1,610,610,1202,1215,WN,792,N736SA,232,245,213,-13,0,OAK,MDW,1844,5,14,0,,0,NA,NA,NA,NA,NA2008,1,7,1,1214,1210,NA,1815,WN,1136,N493WN,NA,245,NA,NA,4,OAK,MDW,1844,NA,16,0,,1,NA,NA,NA,NA,NA2008,1,7,1,1714,1715,2305,2310,WN,2091,N464WN,231,235,215,-5,-1,OAK,MDW,1844,7,9,0,,0,NA,NA,NA,NA,NA2008,1,7,1,1445,1445,1547,1555,WN,84,N688SW,62,70,54,-8,0,OAK,ONT,361,3,5,0,,0,NA,NA,NA,NA,NA2008,1,7,1,1115,1115,1217,1225,WN,111,N328SW,62,70,50,-8,0,OAK,ONT,361,4,8,0,,0,NA,NA,NA,NA,NA2008,1,7,1,1958,2000,2104,2115,WN,464,N239WN,66,75,52,-11,-2,OAK,ONT,361,4,10,0,,0,NA,NA,NA,NA,NA2008,1,7,1,2052,2050,2156,2205,WN,582,N459WN,64,75,52,-9,2,OAK,ONT,361,5,7,0,,0,NA,NA,NA,NA,NA2008,1,7,1,1729,1705,1846,1820,WN,835,N494WN,77,75,55,26,24,OAK,ONT,361,10,12,0,,0,0,0,2,0,242008,1,7,1,1259,1245,1403,1400,WN,898,N368SW,64,75,53,3,14,OAK,ONT,361,4,7,0,,0,NA,NA,NA,NA,NA2008,1,7,1,1909,1850,2021,2005,WN,988,N623SW,72,75,54,16,19,OAK,ONT,361,3,15,0,,0,16,0,0,0,02008,1,7,1,839,845,944,1000,WN,991,N407WN,65,75,52,-16,-6,OAK,ONT,361,5,8,0,,0,NA,NA,NA,NA,NA2008,1,7,1,952,955,1055,1110,WN,2109,N430WN,63,75,53,-15,-3,OAK,ONT,361,3,7,0,,0,NA,NA,NA,NA,NA2008,1,7,1,614,610,722,725,WN,2373,N252WN,68,75,52,-3,4,OAK,ONT,361,5,11,0,,0,NA,NA,NA,NA,NA2008,1,7,1,729,730,835,845,WN,2808,N388SW,66,75,52,-10,-1,OAK,ONT,361,4,10,0,,0,NA,NA,NA,NA,NA2008,1,7,1,1538,1540,1650,1655,WN,3765,N349SW,72,75,54,-5,-2,OAK,ONT,361,3,15,0,,0,NA,NA,NA,NA,NA2008,1,7,1,914,915,1055,1055,WN,286,N601WN,101,100,87,0,-1,OAK,PDX,543,6,8,0,,0,NA,NA,NA,NA,NA2008,1,7,1,1649,1650,1841,1830,WN,430,N446WN,112,100,83,11,-1,OAK,PDX,543,5,24,0,,0,NA,NA,NA,NA,NA2008,1,7,1,615,615,812,755,WN,491,N347SW,117,100,94,17,0,OAK,PDX,543,3,20,0,,0,0,0,17,0,02008,1,7,1,2124,2115,2254,2255,WN,644,N902WN,90,100,78,-1,9,OAK,PDX,543,3,9,0,,0,NA,NA,NA,NA,NA2008,1,7,1,1939,1940,2110,2120,WN,829,N739GB,91,100,80,-10,-1,OAK,PDX,543,3,8,0,,0,NA,NA,NA,NA,NA2008,1,7,1,1220,1215,1400,1355,WN,2011,N285WN,100,100,85,5,5,OAK,PDX,543,2,13,0,,0,NA,NA,NA,NA,NA2008,1,7,1,2107,2050,6,2340,WN,190,N665WN,119,110,94,26,17,OAK,PHX,646,4,21,0,,0,8,0,9,0,92008,1,7,1,1656,1635,1957,1930,WN,753,N285WN,121,115,89,27,21,OAK,PHX,646,9,23,0,,0,21,0,6,0,02008,1,7,1,1420,1300,1700,1550,WN,933,N255WN,100,110,86,70,80,OAK,PHX,646,6,8,0,,0,3,0,0,0,672008,1,7,1,854,855,1134,1145,WN,1167,N414WN,100,110,88,-11,-1,OAK,PHX,646,6,6,0,,0,NA,NA,NA,NA,NA2008,1,7,1,1814,1815,2101,2110,WN,1222,N346SW,107,115,87,-9,-1,OAK,PHX,646,6,14,0,,0,NA,NA,NA,NA,NA2008,1,7,1,1130,1125,1438,1415,WN,1686,N274WN,128,110,113,23,5,OAK,PHX,646,5,10,0,,0,0,0,23,0,02008,1,7,1,614,615,912,910,WN,2894,N354SW,118,115,99,2,-1,OAK,PHX,646,6,13,0,,0,NA,NA,NA,NA,NA2008,1,7,1,1609,1605,1656,1655,WN,985,N368SW,47,50,33,1,4,OAK,RNO,180,4,10,0,,0,NA,NA,NA,NA,NA2008,1,7,1,2039,2040,2127,2130,WN,1587,N218WN,48,50,31,-3,-1,OAK,RNO,180,4,13,0,,0,NA,NA,NA,NA,NA2008,1,7,1,747,740,829,830,WN,2113,N659SW,42,50,33,-1,7,OAK,RNO,180,3,6,0,,0,NA,NA,NA,NA,NA2008,1,7,1,1302,1255,1347,1345,WN,3502,N333SW,45,50,33,2,7,OAK,RNO,180,4,8,0,,0,NA,NA,NA,NA,NA2008,1,7,1,1652,1650,1810,1815,WN,318,N466WN,78,85,69,-5,2,OAK,SAN,446,3,6,0,,0,NA,NA,NA,NA,NA2008,1,7,1,614,615,736,740,WN,588,N423WN,82,85,60,-4,-1,OAK,SAN,446,3,19,0,,0,NA,NA,NA,NA,NA2008,1,7,1,800,800,917,925,WN,612,N718SW,77,85,64,-8,0,OAK,SAN,446,5,8,0,,0,NA,NA,NA,NA,NA2008,1,7,1,NA,1250,NA,1410,WN,639,,NA,80,NA,NA,NA,OAK,SAN,446,NA,NA,1,C,0,NA,NA,NA,NA,NA2008,1,7,1,NA,1430,NA,1550,WN,828,,NA,80,NA,NA,NA,OAK,SAN,446,NA,NA,1,A,0,NA,NA,NA,NA,NA2008,1,7,1,1000,955,1117,1120,WN,1022,N673AA,77,85,64,-3,5,OAK,SAN,446,2,11,0,,0,NA,NA,NA,NA,NA2008,1,7,1,1141,1140,1253,1305,WN,1065,N711HK,72,85,63,-12,1,OAK,SAN,446,3,6,0,,0,NA,NA,NA,NA,NA2008,1,7,1,1745,1745,1857,1910,WN,1255,N326SW,72,85,63,-13,0,OAK,SAN,446,2,7,0,,0,NA,NA,NA,NA,NA2008,1,7,1,1926,1930,2041,2055,WN,2269,N280WN,75,85,64,-14,-4,OAK,SAN,446,3,8,0,,0,NA,NA,NA,NA,NA2008,1,7,1,1547,1550,1700,1715,WN,2525,N228WN,73,85,65,-15,-3,OAK,SAN,446,1,7,0,,0,NA,NA,NA,NA,NA2008,1,7,1,1330,1330,1444,1455,WN,2719,N416WN,74,85,62,-11,0,OAK,SAN,446,4,8,0,,0,NA,NA,NA,NA,NA2008,1,7,1,1620,1620,1740,1745,WN,2884,N239WN,80,85,62,-5,0,OAK,SAN,446,2,16,0,,0,NA,NA,NA,NA,NA2008,1,7,1,725,730,839,855,WN,2982,N477WN,74,85,61,-16,-5,OAK,SAN,446,3,10,0,,0,NA,NA,NA,NA,NA2008,1,7,1,2010,2010,2120,2135,WN,3058,N415WN,70,85,62,-15,0,OAK,SAN,446,2,6,0,,0,NA,NA,NA,NA,NA2008,1,7,1,700,700,829,825,WN,3416,N686SW,89,85,67,4,0,OAK,SAN,446,5,17,0,,0,NA,NA,NA,NA,NA2008,1,7,1,1904,1855,2022,2020,WN,3586,N655WN,78,85,64,2,9,OAK,SAN,446,4,10,0,,0,NA,NA,NA,NA,NA2008,1,7,1,1054,1040,1212,1205,WN,3590,N686SW,78,85,69,7,14,OAK,SAN,446,2,7,0,,0,NA,NA,NA,NA,NA2008,1,7,1,839,835,957,1000,WN,3843,N665WN,78,85,66,-3,4,OAK,SAN,446,3,9,0,,0,NA,NA,NA,NA,NA2008,1,7,1,1416,1415,1612,1615,WN,237,N270WN,116,120,104,-3,1,OAK,SEA,671,4,8,0,,0,NA,NA,NA,NA,NA2008,1,7,1,1144,1145,1341,1345,WN,256,N367SW,117,120,107,-4,-1,OAK,SEA,671,3,7,0,,0,NA,NA,NA,NA,NA2008,1,7,1,814,800,1018,1000,WN,811,N368SW,124,120,115,18,14,OAK,SEA,671,2,7,0,,0,4,0,4,0,102008,1,7,1,1731,1735,1929,1935,WN,872,N406WN,118,120,97,-6,-4,OAK,SEA,671,7,14,0,,0,NA,NA,NA,NA,NA2008,1,7,1,1746,1655,1942,1855,WN,1071,N356SW,116,120,104,47,51,OAK,SEA,671,4,8,0,,0,38,0,0,0,92008,1,7,1,2147,2055,2332,2255,WN,2730,N433LV,105,120,97,37,52,OAK,SEA,671,4,4,0,,0,2,0,0,0,352008,1,7,1,954,945,1203,1145,WN,3431,N439WN,129,120,112,18,9,OAK,SEA,671,4,13,0,,0,7,0,9,0,22008,1,7,1,618,620,829,825,WN,3938,N328SW,131,125,111,4,-2,OAK,SEA,671,7,13,0,,0,NA,NA,NA,NA,NA2008,1,7,1,1305,1300,1538,1540,WN,125,N404WN,93,100,81,-2,5,OAK,SLC,588,5,7,0,,0,NA,NA,NA,NA,NA2008,1,7,1,2029,2030,2255,2310,WN,246,N495WN,86,100,76,-15,-1,OAK,SLC,588,2,8,0,,0,NA,NA,NA,NA,NA2008,1,7,1,655,655,923,945,WN,720,N215WN,88,110,77,-22,0,OAK,SLC,588,3,8,0,,0,NA,NA,NA,NA,NA2008,1,7,1,1044,1015,1320,1300,WN,1678,N325SW,96,105,84,20,29,OAK,SLC,588,5,7,0,,0,8,0,0,0,122008,1,7,1,1640,1640,1920,1920,WN,2282,N453WN,100,100,82,0,0,OAK,SLC,588,6,12,0,,0,NA,NA,NA,NA,NA2008,1,7,1,1901,1850,2021,2010,WN,80,N780SW,80,80,61,11,11,OAK,SNA,371,5,14,0,,0,NA,NA,NA,NA,NA2008,1,7,1,2102,2105,2211,2225,WN,83,N723SW,69,80,57,-14,-3,OAK,SNA,371,6,6,0,,0,NA,NA,NA,NA,NA2008,1,7,1,1645,1630,1802,1750,WN,105,N799SW,77,80,63,12,15,OAK,SNA,371,5,9,0,,0,NA,NA,NA,NA,NA2008,1,7,1,1043,1045,1158,1205,WN,747,N204WN,75,80,63,-7,-2,OAK,SNA,371,3,9,0,,0,NA,NA,NA,NA,NA2008,1,7,1,1219,1220,1332,1340,WN,1854,N749SW,73,80,60,-8,-1,OAK,SNA,371,4,9,0,,0,NA,NA,NA,NA,NA2008,1,7,1,745,745,857,910,WN,2191,N499WN,72,85,61,-13,0,OAK,SNA,371,4,7,0,,0,NA,NA,NA,NA,NA2008,1,7,1,602,605,721,730,WN,3330,N757LV,79,85,57,-9,-3,OAK,SNA,371,5,17,0,,0,NA,NA,NA,NA,NA2008,1,7,1,840,840,954,1000,WN,3657,N208WN,74,80,60,-6,0,OAK,SNA,371,4,10,0,,0,NA,NA,NA,NA,NA2008,1,7,1,1405,1405,1517,1525,WN,3766,N748SW,72,80,60,-8,0,OAK,SNA,371,5,7,0,,0,NA,NA,NA,NA,NA2008,1,7,1,1813,1810,2053,2125,WN,3402,N761RR,100,135,89,-32,3,OAK,TUS,747,3,8,0,,0,NA,NA,NA,NA,NA2008,1,7,1,858,900,1227,1250,WN,128,N246LV,149,170,137,-23,-2,OKC,BWI,1180,3,9,0,,0,NA,NA,NA,NA,NA2008,1,7,1,1157,1200,1245,1250,WN,102,N359SW,48,50,38,-5,-3,OKC,DAL,181,4,6,0,,0,NA,NA,NA,NA,NA2008,1,7,1,1008,1010,1057,1100,WN,1609,N610WN,49,50,39,-3,-2,OKC,DAL,181,4,6,0,,0,NA,NA,NA,NA,NA2008,1,7,1,1825,1655,1913,1745,WN,1760,N638SW,48,50,38,88,90,OKC,DAL,181,2,8,0,,0,0,0,0,0,882008,1,7,1,1927,1930,2021,2020,WN,2553,N341SW,54,50,41,1,-3,OKC,DAL,181,3,10,0,,0,NA,NA,NA,NA,NA2008,1,7,1,625,625,714,715,WN,3591,N326SW,49,50,37,-1,0,OKC,DAL,181,4,8,0,,0,NA,NA,NA,NA,NA2008,1,7,1,1138,1130,1210,1205,WN,130,N349SW,92,95,78,5,8,OKC,DEN,495,7,7,0,,0,NA,NA,NA,NA,NA2008,1,7,1,1915,1910,1951,1945,WN,900,N306SW,96,95,73,6,5,OKC,DEN,495,8,15,0,,0,NA,NA,NA,NA,NA2008,1,7,1,749,755,914,915,WN,215,N799SW,85,80,74,-1,-6,OKC,HOU,419,4,7,0,,0,NA,NA,NA,NA,NA2008,1,7,1,1252,1245,1413,1405,WN,449,N514SW,81,80,72,8,7,OKC,HOU,419,3,6,0,,0,NA,NA,NA,NA,NA2008,1,7,1,1648,1600,1811,1720,WN,940,N358SW,83,80,74,51,48,OKC,HOU,419,3,6,0,,0,3,0,3,0,452008,1,7,1,1826,1830,1950,1950,WN,1257,N505SW,84,80,73,0,-4,OKC,HOU,419,3,8,0,,0,NA,NA,NA,NA,NA2008,1,7,1,1338,1340,1437,1425,WN,354,N448WN,179,165,146,12,-2,OKC,LAS,987,24,9,0,,0,NA,NA,NA,NA,NA2008,1,7,1,641,645,740,750,WN,112,N501SW,59,65,47,-10,-4,OKC,MCI,313,4,8,0,,0,NA,NA,NA,NA,NA2008,1,7,1,1450,1455,1550,1600,WN,956,N525SW,60,65,48,-10,-5,OKC,MCI,313,4,8,0,,0,NA,NA,NA,NA,NA2008,1,7,1,1852,1855,1947,2000,WN,1230,N277WN,55,65,45,-13,-3,OKC,MCI,313,3,7,0,,0,NA,NA,NA,NA,NA2008,1,7,1,1034,1040,1134,1145,WN,1916,N515SW,60,65,49,-11,-6,OKC,MCI,313,4,7,0,,0,NA,NA,NA,NA,NA2008,1,7,1,1619,1625,1733,1750,WN,303,N459WN,134,145,124,-17,-6,OKC,PHX,833,3,7,0,,0,NA,NA,NA,NA,NA2008,1,7,1,1310,1305,1444,1430,WN,877,N486WN,154,145,139,14,5,OKC,PHX,833,5,10,0,,0,NA,NA,NA,NA,NA2008,1,7,1,831,835,1013,1005,WN,1010,N761RR,162,150,148,8,-4,OKC,PHX,833,6,8,0,,0,NA,NA,NA,NA,NA2008,1,7,1,1638,1630,1748,1750,WN,86,N390SW,70,80,59,-2,8,OKC,STL,462,4,7,0,,0,NA,NA,NA,NA,NA2008,1,7,1,736,735,846,855,WN,547,N513SW,70,80,60,-9,1,OKC,STL,462,3,7,0,,0,NA,NA,NA,NA,NA2008,1,7,1,1729,1720,1817,1820,WN,484,N311SW,168,180,159,-3,9,OMA,LAS,1099,2,7,0,,0,NA,NA,NA,NA,NA2008,1,7,1,751,655,849,755,WN,864,N638SW,178,180,166,54,56,OMA,LAS,1099,4,8,0,,0,54,0,0,0,02008,1,7,1,1241,1245,1334,1345,WN,3917,N334SW,173,180,161,-11,-4,OMA,LAS,1099,3,9,0,,0,NA,NA,NA,NA,NA2008,1,7,1,2054,1920,2220,2040,WN,153,N364SW,86,80,70,100,94,OMA,MDW,423,6,10,0,,0,0,54,6,0,402008,1,7,1,850,850,1011,1010,WN,566,N504SW,81,80,69,1,0,OMA,MDW,423,4,8,0,,0,NA,NA,NA,NA,NA2008,1,7,1,1427,1430,1542,1550,WN,1153,N608SW,75,80,62,-8,-3,OMA,MDW,423,4,9,0,,0,NA,NA,NA,NA,NA2008,1,7,1,1104,1105,1216,1225,WN,1333,N641SW,72,80,62,-9,-1,OMA,MDW,423,4,6,0,,0,NA,NA,NA,NA,NA2008,1,7,1,610,610,725,730,WN,1765,N743SW,75,80,59,-5,0,OMA,MDW,423,6,10,0,,0,NA,NA,NA,NA,NA2008,1,7,1,1845,1750,2012,1910,WN,3919,N261WN,87,80,64,62,55,OMA,MDW,423,6,17,0,,0,0,55,7,0,02008,1,7,1,1922,1905,2100,2100,WN,242,N247WN,158,175,145,0,17,OMA,PHX,1037,5,8,0,,0,NA,NA,NA,NA,NA2008,1,7,1,1148,1145,1403,1340,WN,555,N527SW,195,175,179,23,3,OMA,PHX,1037,6,10,0,,0,0,0,23,0,02008,1,7,1,623,625,825,820,WN,1069,N384SW,182,175,159,5,-2,OMA,PHX,1037,6,17,0,,0,NA,NA,NA,NA,NA2008,1,7,1,1819,1820,1923,1925,WN,479,N680AA,64,65,50,-2,-1,OMA,STL,342,7,7,0,,0,NA,NA,NA,NA,NA2008,1,7,1,747,750,848,855,WN,501,N510SW,61,65,50,-7,-3,OMA,STL,342,3,8,0,,0,NA,NA,NA,NA,NA2008,1,7,1,958,1000,1057,1105,WN,2009,N502SW,59,65,49,-8,-2,OMA,STL,342,3,7,0,,0,NA,NA,NA,NA,NA2008,1,7,1,1408,1415,1523,1520,WN,2111,N311SW,75,65,59,3,-7,OMA,STL,342,4,12,0,,0,NA,NA,NA,NA,NA2008,1,7,1,1139,1050,1706,1630,WN,879,N441WN,207,220,198,36,49,ONT,BNA,1751,3,6,0,,0,1,0,0,0,352008,1,7,1,1455,1455,1555,1555,WN,239,N350SW,60,60,48,0,0,ONT,LAS,197,3,9,0,,0,NA,NA,NA,NA,NA2008,1,7,1,1651,1615,1749,1715,WN,564,N477WN,58,60,45,34,36,ONT,LAS,197,7,6,0,,0,5,0,0,0,292008,1,7,1,949,915,1050,1015,WN,773,N329SW,61,60,47,35,34,ONT,LAS,197,4,10,0,,0,0,0,20,0,152008,1,7,1,2054,2100,2146,2200,WN,812,N794SW,52,60,40,-14,-6,ONT,LAS,197,4,8,0,,0,NA,NA,NA,NA,NA2008,1,7,1,816,815,919,915,WN,818,N273WN,63,60,41,4,1,ONT,LAS,197,4,18,0,,0,NA,NA,NA,NA,NA2008,1,7,1,1031,1030,1129,1130,WN,991,N407WN,58,60,44,-1,1,ONT,LAS,197,4,10,0,,0,NA,NA,NA,NA,NA2008,1,7,1,1249,1250,1344,1350,WN,1582,N328SW,55,60,42,-6,-1,ONT,LAS,197,4,9,0,,0,NA,NA,NA,NA,NA2008,1,7,1,1726,1730,1817,1830,WN,1583,N626SW,51,60,41,-13,-4,ONT,LAS,197,5,5,0,,0,NA,NA,NA,NA,NA2008,1,7,1,615,610,707,710,WN,3244,N492WN,52,60,40,-3,5,ONT,LAS,197,6,6,0,,0,NA,NA,NA,NA,NA2008,1,7,1,1849,1850,1945,1950,WN,3746,N345SA,56,60,43,-5,-1,ONT,LAS,197,4,9,0,,0,NA,NA,NA,NA,NA2008,1,7,1,824,825,936,945,WN,238,N371SW,72,80,62,-9,-1,ONT,OAK,361,2,8,0,,0,NA,NA,NA,NA,NA2008,1,7,1,1000,1005,1109,1120,WN,256,N367SW,69,75,60,-11,-5,ONT,OAK,361,2,7,0,,0,NA,NA,NA,NA,NA2008,1,7,1,NA,1250,NA,1405,WN,403,,NA,75,NA,NA,NA,ONT,OAK,361,NA,NA,1,A,0,NA,NA,NA,NA,NA2008,1,7,1,1554,1555,1707,1710,WN,872,N406WN,73,75,60,-3,-1,ONT,OAK,361,6,7,0,,0,NA,NA,NA,NA,NA2008,1,7,1,1430,1425,1545,1540,WN,985,N368SW,75,75,62,5,5,ONT,OAK,361,4,9,0,,0,NA,NA,NA,NA,NA2008,1,7,1,2037,2030,2147,2145,WN,1075,N623SW,70,75,60,2,7,ONT,OAK,361,5,5,0,,0,NA,NA,NA,NA,NA2008,1,7,1,2127,2125,2238,2240,WN,1480,N327SW,71,75,61,-2,2,ONT,OAK,361,5,5,0,,0,NA,NA,NA,NA,NA2008,1,7,1,601,600,718,720,WN,2113,N659SW,77,80,63,-2,1,ONT,OAK,361,6,8,0,,0,NA,NA,NA,NA,NA2008,1,7,1,1132,1135,1242,1250,WN,2196,N430WN,70,75,59,-8,-3,ONT,OAK,361,6,5,0,,0,NA,NA,NA,NA,NA2008,1,7,1,2016,1920,2124,2035,WN,2730,N433LV,68,75,58,49,56,ONT,OAK,361,5,5,0,,0,0,0,0,0,492008,1,7,1,709,710,822,830,WN,2987,N248WN,73,80,63,-8,-1,ONT,OAK,361,5,5,0,,0,NA,NA,NA,NA,NA2008,1,7,1,1717,1720,1830,1835,WN,3852,N349SW,73,75,61,-5,-3,ONT,OAK,361,5,7,0,,0,NA,NA,NA,NA,NA2008,1,7,1,1624,1625,1829,1835,WN,84,N688SW,65,70,53,-6,-1,ONT,PHX,325,4,8,0,,0,NA,NA,NA,NA,NA2008,1,7,1,1208,1205,1442,1415,WN,217,N433LV,94,70,78,27,3,ONT,PHX,325,7,9,0,,0,0,0,27,0,02008,1,7,1,1126,1120,1358,1330,WN,627,N355SW,92,70,75,28,6,ONT,PHX,325,5,12,0,,0,0,0,28,0,02008,1,7,1,1008,955,1225,1205,WN,647,N695SW,77,70,64,20,13,ONT,PHX,325,5,8,0,,0,0,13,7,0,02008,1,7,1,1743,1745,1949,1955,WN,780,N314SW,66,70,51,-6,-2,ONT,PHX,325,5,10,0,,0,NA,NA,NA,NA,NA2008,1,7,1,1909,1840,2108,2045,WN,835,N494WN,59,65,47,23,29,ONT,PHX,325,7,5,0,,0,2,0,0,0,212008,1,7,1,611,610,813,820,WN,885,N485WN,62,70,48,-7,1,ONT,PHX,325,6,8,0,,0,NA,NA,NA,NA,NA2008,1,7,1,1446,1445,1655,1655,WN,1424,N601WN,69,70,54,0,1,ONT,PHX,325,4,11,0,,0,NA,NA,NA,NA,NA2008,1,7,1,2138,2115,2340,2320,WN,2458,N395SW,62,65,52,20,23,ONT,PHX,325,3,7,0,,0,0,0,0,0,202008,1,7,1,1037,910,1348,1120,WN,2808,N388SW,131,70,111,148,87,ONT,PHX,325,5,15,0,,0,0,87,61,0,02008,1,7,1,737,740,1019,950,WN,3509,N454WN,102,70,66,29,-3,ONT,PHX,325,10,26,0,,0,0,0,29,0,02008,1,7,1,NA,1400,NA,1610,WN,3854,,NA,70,NA,NA,NA,ONT,PHX,325,NA,NA,1,A,0,NA,NA,NA,NA,NA2008,1,7,1,1836,1820,1945,1930,WN,145,N473WN,69,70,59,15,16,ONT,SJC,333,3,7,0,,0,15,0,0,0,02008,1,7,1,624,625,745,735,WN,152,N323SW,81,70,64,10,-1,ONT,SJC,333,6,11,0,,0,NA,NA,NA,NA,NA2008,1,7,1,1807,1725,1913,1835,WN,187,N713SW,66,70,58,38,42,ONT,SJC,333,2,6,0,,0,5,0,0,0,332008,1,7,1,1153,1145,1302,1255,WN,906,N627SW,69,70,57,7,8,ONT,SJC,333,4,8,0,,0,NA,NA,NA,NA,NA2008,1,7,1,1006,950,1113,1100,WN,1670,N606SW,67,70,58,13,16,ONT,SJC,333,3,6,0,,0,NA,NA,NA,NA,NA2008,1,7,1,747,745,855,900,WN,2460,N252WN,68,75,56,-5,2,ONT,SJC,333,4,8,0,,0,NA,NA,NA,NA,NA2008,1,7,1,1344,1340,1450,1450,WN,2472,N678AA,66,70,57,0,4,ONT,SJC,333,4,5,0,,0,NA,NA,NA,NA,NA2008,1,7,1,1514,1515,1621,1625,WN,2645,N335SW,67,70,58,-4,-1,ONT,SJC,333,3,6,0,,0,NA,NA,NA,NA,NA2008,1,7,1,2050,2050,2200,2200,WN,3691,N229WN,70,70,55,0,0,ONT,SJC,333,10,5,0,,0,NA,NA,NA,NA,NA2008,1,7,1,715,715,841,835,WN,350,N350SW,86,80,72,6,0,ONT,SMF,389,4,10,0,,0,NA,NA,NA,NA,NA2008,1,7,1,2158,2135,2311,2250,WN,551,N453WN,73,75,62,21,23,ONT,SMF,389,5,6,0,,0,21,0,0,0,02008,1,7,1,1608,1610,1725,1730,WN,775,N686SW,77,80,67,-5,-2,ONT,SMF,389,5,5,0,,0,NA,NA,NA,NA,NA2008,1,7,1,1210,1155,1331,1310,WN,876,N443WN,81,75,68,21,15,ONT,SMF,389,3,10,0,,0,0,0,6,0,152008,1,7,1,1802,1800,1921,1920,WN,966,N354SW,79,80,66,1,2,ONT,SMF,389,5,8,0,,0,NA,NA,NA,NA,NA2008,1,7,1,1411,1410,1528,1525,WN,1409,N626SW,77,75,65,3,1,ONT,SMF,389,7,5,0,,0,NA,NA,NA,NA,NA2008,1,7,1,1926,1925,2047,2045,WN,1679,N369SW,81,80,67,2,1,ONT,SMF,389,8,6,0,,0,NA,NA,NA,NA,NA2008,1,7,1,1348,1335,1505,1455,WN,2105,N332SW,77,80,67,10,13,ONT,SMF,389,4,6,0,,0,NA,NA,NA,NA,NA2008,1,7,1,1042,1040,1202,1200,WN,2201,N663SW,80,80,67,2,2,ONT,SMF,389,5,8,0,,0,NA,NA,NA,NA,NA2008,1,7,1,617,615,743,735,WN,2548,N685SW,86,80,70,8,2,ONT,SMF,389,5,11,0,,0,NA,NA,NA,NA,NA2008,1,7,1,2023,2010,2135,2130,WN,2901,N725SW,72,80,63,5,13,ONT,SMF,389,4,5,0,,0,NA,NA,NA,NA,NA2008,1,7,1,854,855,1013,1015,WN,3602,N299WN,79,80,69,-2,-1,ONT,SMF,389,4,6,0,,0,NA,NA,NA,NA,NA2008,1,7,1,2026,2015,2112,2105,WN,549,N399WN,46,50,36,7,11,ORF,BWI,159,3,7,0,,0,NA,NA,NA,NA,NA2008,1,7,1,1716,1720,1805,1810,WN,1320,N282WN,49,50,35,-5,-4,ORF,BWI,159,2,12,0,,0,NA,NA,NA,NA,NA2008,1,7,1,1416,1420,1507,1510,WN,2362,N737JW,51,50,37,-3,-4,ORF,BWI,159,3,11,0,,0,NA,NA,NA,NA,NA2008,1,7,1,1020,1010,1110,1100,WN,3604,N229WN,50,50,38,10,10,ORF,BWI,159,4,8,0,,0,NA,NA,NA,NA,NA2008,1,7,1,727,720,813,810,WN,3679,N247WN,46,50,36,3,7,ORF,BWI,159,3,7,0,,0,NA,NA,NA,NA,NA2008,1,7,1,654,655,834,840,WN,1574,N751SW,100,105,80,-6,-1,ORF,JAX,543,10,10,0,,0,NA,NA,NA,NA,NA2008,1,7,1,1659,1640,1833,1825,WN,2019,N604SW,94,105,79,8,19,ORF,JAX,543,5,10,0,,0,NA,NA,NA,NA,NA2008,1,7,1,1210,1210,1438,1445,WN,2363,N233LV,328,335,318,-7,0,ORF,LAS,2155,4,6,0,,0,NA,NA,NA,NA,NA2008,1,7,1,907,915,1056,1120,WN,1134,N344SW,109,125,92,-24,-8,ORF,MCO,655,7,10,0,,0,NA,NA,NA,NA,NA2008,1,7,1,1832,1835,2019,2040,WN,1828,N639SW,107,125,93,-21,-3,ORF,MCO,655,6,8,0,,0,NA,NA,NA,NA,NA2008,1,7,1,630,630,736,750,WN,635,N764SW,126,140,117,-14,0,ORF,MDW,704,3,6,0,,0,NA,NA,NA,NA,NA2008,1,7,1,1647,1650,NA,1805,WN,2729,N422WN,NA,135,NA,NA,-3,ORF,MDW,704,NA,9,0,,1,NA,NA,NA,NA,NA2008,1,7,1,1318,1320,1523,1535,WN,48,N625SW,125,135,100,-12,-2,ORF,TPA,717,18,7,0,,0,NA,NA,NA,NA,NA2008,1,7,1,1945,1950,2156,2210,WN,165,N798SW,131,140,117,-14,-5,PBI,BWI,883,4,10,0,,0,NA,NA,NA,NA,NA2008,1,7,1,653,645,906,905,WN,896,N277WN,133,140,119,1,8,PBI,BWI,883,7,7,0,,0,NA,NA,NA,NA,NA2008,1,7,1,1556,1600,1812,1825,WN,1143,N425LV,136,145,118,-13,-4,PBI,BWI,883,3,15,0,,0,NA,NA,NA,NA,NA2008,1,7,1,1052,1050,1313,1310,WN,3406,N298WN,141,140,120,3,2,PBI,BWI,883,5,16,0,,0,NA,NA,NA,NA,NA2008,1,7,1,720,720,950,1000,WN,1157,N286WN,150,160,138,-10,0,PBI,ISP,1052,3,9,0,,0,NA,NA,NA,NA,NA2008,1,7,1,1851,1840,2124,2115,WN,1425,N768SW,153,155,142,9,11,PBI,ISP,1052,3,8,0,,0,NA,NA,NA,NA,NA2008,1,7,1,1141,1145,1412,1425,WN,2466,N341SW,151,160,140,-13,-4,PBI,ISP,1052,3,8,0,,0,NA,NA,NA,NA,NA2008,1,7,1,1452,1455,1729,1730,WN,820,N380SW,157,155,139,-1,-3,PBI,PHL,951,4,14,0,,0,NA,NA,NA,NA,NA2008,1,7,1,756,750,1021,1025,WN,2560,N452WN,145,155,133,-4,6,PBI,PHL,951,5,7,0,,0,NA,NA,NA,NA,NA2008,1,7,1,1803,1805,1852,1855,WN,174,N642WN,49,50,37,-3,-2,PBI,TPA,174,4,8,0,,0,NA,NA,NA,NA,NA2008,1,7,1,1010,1010,1055,1100,WN,3311,N777QC,45,50,31,-5,0,PBI,TPA,174,4,10,0,,0,NA,NA,NA,NA,NA2008,1,7,1,1407,1400,1451,1450,WN,3686,N660SW,44,50,34,1,7,PBI,TPA,174,2,8,0,,0,NA,NA,NA,NA,NA2008,1,7,1,637,635,723,725,WN,3778,N262WN,46,50,33,-2,2,PBI,TPA,174,4,9,0,,0,NA,NA,NA,NA,NA2008,1,7,1,1046,1045,1410,1415,WN,3425,N435WN,144,150,127,-5,1,PDX,ABQ,1111,6,11,0,,0,NA,NA,NA,NA,NA2008,1,7,1,1334,1320,1527,1525,WN,2377,N615SW,53,65,43,2,14,PDX,BOI,344,3,7,0,,0,NA,NA,NA,NA,NA2008,1,7,1,632,635,828,840,WN,2810,N442WN,56,65,43,-12,-3,PDX,BOI,344,4,9,0,,0,NA,NA,NA,NA,NA2008,1,7,1,1640,1610,1834,1810,WN,2991,N612SW,54,60,43,24,30,PDX,BOI,344,3,8,0,,0,0,0,0,0,242008,1,7,1,832,815,926,915,WN,491,N347SW,54,60,41,11,17,PDX,GEG,279,3,10,0,,0,NA,NA,NA,NA,NA2008,1,7,1,1611,1525,1705,1620,WN,957,N382SW,54,55,46,45,46,PDX,GEG,279,3,5,0,,0,0,0,0,0,452008,1,7,1,1255,1255,1351,1355,WN,2121,N386SW,56,60,45,-4,0,PDX,GEG,279,4,7,0,,0,NA,NA,NA,NA,NA2008,1,7,1,2052,2050,2146,2150,WN,3155,N362SW,54,60,44,-4,2,PDX,GEG,279,4,6,0,,0,NA,NA,NA,NA,NA2008,1,7,1,908,905,1053,1110,WN,86,N390SW,105,125,93,-17,3,PDX,LAS,762,5,7,0,,0,NA,NA,NA,NA,NA2008,1,7,1,2045,2035,2238,2235,WN,874,N331SW,113,120,101,3,10,PDX,LAS,762,4,8,0,,0,NA,NA,NA,NA,NA2008,1,7,1,1500,1500,1656,1705,WN,2186,N363SW,116,125,100,-9,0,PDX,LAS,762,9,7,0,,0,NA,NA,NA,NA,NA2008,1,7,1,1058,1055,1244,1300,WN,3070,N350SW,106,125,97,-16,3,PDX,LAS,762,2,7,0,,0,NA,NA,NA,NA,NA2008,1,7,1,1016,1015,1518,1535,WN,2010,N779SW,182,200,170,-17,1,PDX,MCI,1481,4,8,0,,0,NA,NA,NA,NA,NA2008,1,7,1,733,735,1314,1330,WN,1206,N744SW,221,235,209,-16,-2,PDX,MDW,1751,4,8,0,,0,NA,NA,NA,NA,NA2008,1,7,1,1432,1335,2008,1925,WN,3228,N251WN,216,230,206,43,57,PDX,MDW,1751,4,6,0,,0,35,0,0,0,82008,1,7,1,2025,2025,2201,2205,WN,447,N786SW,96,100,79,-4,0,PDX,OAK,543,6,11,0,,0,NA,NA,NA,NA,NA2008,1,7,1,1853,1840,2025,2025,WN,582,N398SW,92,105,78,0,13,PDX,OAK,543,6,8,0,,0,NA,NA,NA,NA,NA2008,1,7,1,1437,1425,1604,1605,WN,753,N285WN,87,100,76,-1,12,PDX,OAK,543,4,7,0,,0,NA,NA,NA,NA,NA2008,1,7,1,607,610,733,755,WN,762,N220WN,86,105,73,-22,-3,PDX,OAK,543,6,7,0,,0,NA,NA,NA,NA,NA2008,1,7,1,1139,1140,1308,1320,WN,1585,N258WN,89,100,77,-12,-1,PDX,OAK,543,6,6,0,,0,NA,NA,NA,NA,NA2008,1,7,1,840,825,1009,1010,WN,2459,N398SW,89,105,79,-1,15,PDX,OAK,543,5,5,0,,0,NA,NA,NA,NA,NA2008,1,7,1,1119,1105,1447,1435,WN,451,N352SW,148,150,136,12,14,PDX,PHX,1009,5,7,0,,0,NA,NA,NA,NA,NA2008,1,7,1,1903,1850,2213,2220,WN,789,N446WN,130,150,119,-7,13,PDX,PHX,1009,4,7,0,,0,NA,NA,NA,NA,NA2008,1,7,1,622,620,943,955,WN,3419,N734SA,141,155,128,-12,2,PDX,PHX,1009,6,7,0,,0,NA,NA,NA,NA,NA2008,1,7,1,941,940,1046,1100,WN,397,N442WN,65,80,56,-14,1,PDX,RNO,444,4,5,0,,0,NA,NA,NA,NA,NA2008,1,7,1,1942,1940,2048,2055,WN,1939,N743SW,66,75,56,-7,2,PDX,RNO,444,4,6,0,,0,NA,NA,NA,NA,NA2008,1,7,1,601,600,710,720,WN,1940,N360SW,69,80,53,-10,1,PDX,RNO,444,7,9,0,,0,NA,NA,NA,NA,NA2008,1,7,1,1418,1420,1523,1540,WN,3513,N256WN,65,80,56,-17,-2,PDX,RNO,444,4,5,0,,0,NA,NA,NA,NA,NA2008,1,7,1,2009,1925,2143,2110,WN,625,N699SW,94,105,86,33,44,PDX,SJC,569,2,6,0,,0,0,0,0,0,332008,1,7,1,701,700,835,850,WN,2114,N663SW,94,110,82,-15,1,PDX,SJC,569,2,10,0,,0,NA,NA,NA,NA,NA2008,1,7,1,1551,1550,1719,1735,WN,2441,N445WN,88,105,81,-16,1,PDX,SJC,569,2,5,0,,0,NA,NA,NA,NA,NA2008,1,7,1,1149,1135,1320,1320,WN,2558,N335SW,91,105,81,0,14,PDX,SJC,569,3,7,0,,0,NA,NA,NA,NA,NA2008,1,7,1,1737,1740,2018,2025,WN,159,N370SW,101,105,89,-7,-3,PDX,SLC,630,6,6,0,,0,NA,NA,NA,NA,NA2008,1,7,1,1051,1045,1322,1330,WN,1756,N283WN,91,105,77,-8,6,PDX,SLC,630,5,9,0,,0,NA,NA,NA,NA,NA2008,1,7,1,708,705,942,950,WN,2549,N436WN,94,105,79,-8,3,PDX,SLC,630,3,12,0,,0,NA,NA,NA,NA,NA2008,1,7,1,1320,1315,1433,1440,WN,71,N378SW,73,85,62,-7,5,PDX,SMF,479,4,7,0,,0,NA,NA,NA,NA,NA2008,1,7,1,649,650,759,815,WN,157,N437WN,70,85,59,-16,-1,PDX,SMF,479,4,7,0,,0,NA,NA,NA,NA,NA2008,1,7,1,835,835,949,1000,WN,505,N227WN,74,85,61,-11,0,PDX,SMF,479,5,8,0,,0,NA,NA,NA,NA,NA2008,1,7,1,1121,1120,1234,1245,WN,1424,N601WN,73,85,61,-11,1,PDX,SMF,479,6,6,0,,0,NA,NA,NA,NA,NA2008,1,7,1,1840,1840,1956,2005,WN,2807,N336SW,76,85,64,-9,0,PDX,SMF,479,4,8,0,,0,NA,NA,NA,NA,NA2008,1,7,1,2056,2045,2211,2210,WN,2890,N223WN,75,85,64,1,11,PDX,SMF,479,4,7,0,,0,NA,NA,NA,NA,NA2008,1,7,1,1526,1515,1642,1640,WN,3659,N345SA,76,85,64,2,11,PDX,SMF,479,5,7,0,,0,NA,NA,NA,NA,NA2008,1,7,1,1805,1805,1923,1935,WN,3334,N633SW,138,150,109,-12,0,PHL,BNA,675,4,25,0,,0,NA,NA,NA,NA,NA2008,1,7,1,648,645,753,805,WN,3767,N617SW,125,140,105,-12,3,PHL,BNA,675,4,16,0,,0,NA,NA,NA,NA,NA2008,1,7,1,1309,1310,1405,1440,WN,3839,N405WN,116,150,103,-35,-1,PHL,BNA,675,4,9,0,,0,NA,NA,NA,NA,NA2008,1,7,1,2009,2010,2126,2155,WN,384,N238WN,77,105,62,-29,-1,PHL,CMH,405,4,11,0,,0,NA,NA,NA,NA,NA2008,1,7,1,1431,1435,1550,1615,WN,725,N794SW,79,100,67,-25,-4,PHL,CMH,405,3,9,0,,0,NA,NA,NA,NA,NA2008,1,7,1,644,640,803,820,WN,1245,N787SA,79,100,65,-17,4,PHL,CMH,405,3,11,0,,0,NA,NA,NA,NA,NA2008,1,7,1,1404,1205,1638,1510,WN,462,N379SW,154,185,136,88,119,PHL,FLL,992,3,15,0,,0,88,0,0,0,02008,1,7,1,1841,1845,2120,2145,WN,1589,N318SW,159,180,137,-25,-4,PHL,FLL,992,4,18,0,,0,NA,NA,NA,NA,NA2008,1,7,1,900,850,1121,1155,WN,1849,N650SW,141,185,131,-34,10,PHL,FLL,992,3,7,0,,0,NA,NA,NA,NA,NA2008,1,7,1,1042,1040,1319,1340,WN,32,N602SW,217,240,199,-21,2,PHL,HOU,1335,4,14,0,,0,NA,NA,NA,NA,NA2008,1,7,1,1735,1735,2011,2035,WN,1410,N424WN,216,240,202,-24,0,PHL,HOU,1335,4,10,0,,0,NA,NA,NA,NA,NA2008,1,7,1,801,800,1025,1030,WN,1683,N259WN,144,150,103,-5,1,PHL,JAX,742,6,35,0,,0,NA,NA,NA,NA,NA2008,1,7,1,1918,1915,2128,2135,WN,1772,N607SW,130,140,104,-7,3,PHL,JAX,742,6,20,0,,0,NA,NA,NA,NA,NA2008,1,7,1,936,935,1211,1220,WN,784,N451WN,335,345,313,-9,1,PHL,LAS,2176,5,17,0,,0,NA,NA,NA,NA,NA2008,1,7,1,1405,1410,1648,1655,WN,3316,N724SW,343,345,316,-7,-5,PHL,LAS,2176,5,22,0,,0,NA,NA,NA,NA,NA2008,1,7,1,606,610,818,855,WN,288,N719SW,132,165,115,-37,-4,PHL,MCO,861,6,11,0,,0,NA,NA,NA,NA,NA2008,1,7,1,1544,1545,1808,1825,WN,455,N624SW,144,160,127,-17,-1,PHL,MCO,861,4,13,0,,0,NA,NA,NA,NA,NA2008,1,7,1,943,940,1208,1235,WN,687,N623SW,145,175,116,-27,3,PHL,MCO,861,7,22,0,,0,NA,NA,NA,NA,NA2008,1,7,1,1751,1755,2006,2040,WN,907,N380SW,135,165,120,-34,-4,PHL,MCO,861,6,9,0,,0,NA,NA,NA,NA,NA2008,1,7,1,1309,1310,1540,1550,WN,1319,N613SW,151,160,118,-10,-1,PHL,MCO,861,7,26,0,,0,NA,NA,NA,NA,NA2008,1,7,1,2037,2045,2248,2330,WN,2876,N774SW,131,165,117,-42,-8,PHL,MCO,861,5,9,0,,0,NA,NA,NA,NA,NA2008,1,7,1,NA,1035,NA,1330,WN,2995,,NA,175,NA,NA,NA,PHL,MCO,861,NA,NA,1,A,0,NA,NA,NA,NA,NA2008,1,7,1,709,710,827,830,WN,142,N749SW,138,140,124,-3,-1,PHL,MDW,668,4,10,0,,0,NA,NA,NA,NA,NA2008,1,7,1,NA,1505,NA,1630,WN,201,,NA,145,NA,NA,NA,PHL,MDW,668,NA,NA,1,A,0,NA,NA,NA,NA,NA2008,1,7,1,622,620,739,740,WN,259,N723SW,137,140,113,-1,2,PHL,MDW,668,4,20,0,,0,NA,NA,NA,NA,NA2008,1,7,1,2150,2040,2333,2205,WN,370,N412WN,163,145,141,88,70,PHL,MDW,668,14,8,0,,0,0,0,88,0,02008,1,7,1,1900,1905,2042,2030,WN,587,N296WN,162,145,133,12,-5,PHL,MDW,668,17,12,0,,0,NA,NA,NA,NA,NA2008,1,7,1,1617,1620,1723,1745,WN,2199,N736SA,126,145,106,-22,-3,PHL,MDW,668,4,16,0,,0,NA,NA,NA,NA,NA2008,1,7,1,948,945,1107,1110,WN,2979,N297WN,139,145,108,-3,3,PHL,MDW,668,4,27,0,,0,NA,NA,NA,NA,NA2008,1,7,1,1255,1255,1359,1410,WN,3844,N211WN,124,135,107,-11,0,PHL,MDW,668,5,12,0,,0,NA,NA,NA,NA,NA2008,1,7,1,1006,1010,1130,1130,WN,81,N473WN,84,80,49,0,-4,PHL,MHT,290,5,30,0,,0,NA,NA,NA,NA,NA2008,1,7,1,1705,1710,1807,1835,WN,348,N634SW,62,85,50,-28,-5,PHL,MHT,290,4,8,0,,0,NA,NA,NA,NA,NA2008,1,7,1,1500,1500,1606,1610,WN,434,N389SW,66,70,52,-4,0,PHL,MHT,290,4,10,0,,0,NA,NA,NA,NA,NA2008,1,7,1,757,745,920,900,WN,487,N216WR,83,75,48,20,12,PHL,MHT,290,7,28,0,,0,12,0,8,0,02008,1,7,1,2006,2010,2110,2135,WN,548,N751SW,64,85,47,-25,-4,PHL,MHT,290,5,12,0,,0,NA,NA,NA,NA,NA2008,1,7,1,1236,1240,1339,1350,WN,2964,N621SW,63,70,49,-11,-4,PHL,MHT,290,4,10,0,,0,NA,NA,NA,NA,NA2008,1,7,1,1543,1520,1804,1815,WN,1338,N768SW,141,175,127,-11,23,PHL,PBI,951,4,10,0,,0,NA,NA,NA,NA,NA2008,1,7,1,824,825,1104,1120,WN,2379,N341SW,160,175,131,-16,-1,PHL,PBI,951,4,25,0,,0,NA,NA,NA,NA,NA2008,1,7,1,1637,1630,1956,2005,WN,262,N281WN,319,335,302,-9,7,PHL,PHX,2075,4,13,0,,0,NA,NA,NA,NA,NA2008,1,7,1,1051,1045,1431,1425,WN,3240,N731SA,340,340,326,6,6,PHL,PHX,2075,6,8,0,,0,NA,NA,NA,NA,NA2008,1,7,1,1630,1635,1734,1750,WN,461,N751SW,64,75,46,-16,-5,PHL,PIT,267,6,12,0,,0,NA,NA,NA,NA,NA2008,1,7,1,1911,1915,2015,2040,WN,1121,N248WN,64,85,46,-25,-4,PHL,PIT,267,6,12,0,,0,NA,NA,NA,NA,NA2008,1,7,1,1308,1315,1412,1430,WN,1574,N751SW,64,75,47,-18,-7,PHL,PIT,267,6,11,0,,0,NA,NA,NA,NA,NA2008,1,7,1,2135,2120,2236,2240,WN,2200,N659SW,61,80,41,-4,15,PHL,PIT,267,5,15,0,,0,NA,NA,NA,NA,NA2008,1,7,1,1103,1050,1202,1205,WN,2560,N452WN,59,75,43,-3,13,PHL,PIT,267,6,10,0,,0,NA,NA,NA,NA,NA2008,1,7,1,614,615,719,730,WN,2637,N451WN,65,75,46,-11,-1,PHL,PIT,267,7,12,0,,0,NA,NA,NA,NA,NA2008,1,7,1,914,915,1016,1035,WN,2877,N621SW,62,80,46,-19,-1,PHL,PIT,267,7,9,0,,0,NA,NA,NA,NA,NA2008,1,7,1,2019,1955,2112,2100,WN,31,N215WN,53,65,39,12,24,PHL,PVD,238,5,9,0,,0,NA,NA,NA,NA,NA2008,1,7,1,1205,1205,1319,1315,WN,476,N768SW,74,70,45,4,0,PHL,PVD,238,5,24,0,,0,NA,NA,NA,NA,NA2008,1,7,1,655,655,753,805,WN,636,N683SW,58,70,42,-12,0,PHL,PVD,238,5,11,0,,0,NA,NA,NA,NA,NA2008,1,7,1,NA,1415,NA,1520,WN,1236,,NA,65,NA,NA,NA,PHL,PVD,238,NA,NA,1,A,0,NA,NA,NA,NA,NA2008,1,7,1,1710,1715,1813,1825,WN,3493,N298WN,63,70,43,-12,-5,PHL,PVD,238,5,15,0,,0,NA,NA,NA,NA,NA2008,1,7,1,1821,1825,1940,2000,WN,312,N389SW,79,95,56,-20,-4,PHL,RDU,336,5,18,0,,0,NA,NA,NA,NA,NA2008,1,7,1,638,630,747,800,WN,341,N356SW,69,90,53,-13,8,PHL,RDU,336,4,12,0,,0,NA,NA,NA,NA,NA2008,1,7,1,1530,1535,1639,1700,WN,563,N264LV,69,85,52,-21,-5,PHL,RDU,336,6,11,0,,0,NA,NA,NA,NA,NA2008,1,7,1,850,835,958,1000,WN,2293,N203WN,68,85,54,-2,15,PHL,RDU,336,4,10,0,,0,NA,NA,NA,NA,NA2008,1,7,1,1113,1110,1221,1250,WN,2463,N216WR,68,100,51,-29,3,PHL,RDU,336,4,13,0,,0,NA,NA,NA,NA,NA2008,1,7,1,2055,2045,2209,2220,WN,3685,N717SA,74,95,53,-11,10,PHL,RDU,336,4,17,0,,0,NA,NA,NA,NA,NA2008,1,7,1,1615,1615,1851,1920,WN,1082,N621SW,156,185,141,-29,0,PHL,RSW,992,4,11,0,,0,NA,NA,NA,NA,NA2008,1,7,1,958,1005,1250,1300,WN,723,N683SW,172,175,130,-10,-7,PHL,TPA,920,5,37,0,,0,NA,NA,NA,NA,NA2008,1,7,1,1923,1925,2146,2220,WN,929,N614SW,143,175,133,-34,-2,PHL,TPA,920,2,8,0,,0,NA,NA,NA,NA,NA2008,1,7,1,1402,1405,1633,1655,WN,998,N353SW,151,170,130,-22,-3,PHL,TPA,920,5,16,0,,0,NA,NA,NA,NA,NA2008,1,7,1,627,620,856,915,WN,2985,N766SW,149,175,129,-19,7,PHL,TPA,920,4,16,0,,0,NA,NA,NA,NA,NA2008,1,7,1,710,715,805,815,WN,290,N415WN,55,60,43,-10,-5,PHX,ABQ,328,5,7,0,,0,NA,NA,NA,NA,NA2008,1,7,1,2149,2155,2247,2255,WN,408,N308SA,58,60,44,-8,-6,PHX,ABQ,328,3,11,0,,0,NA,NA,NA,NA,NA2008,1,7,1,1434,1405,1530,1505,WN,555,N527SW,56,60,45,25,29,PHX,ABQ,328,3,8,0,,0,5,0,0,0,202008,1,7,1,1257,1230,1403,1335,WN,647,N695SW,66,65,48,28,27,PHX,ABQ,328,3,15,0,,0,7,0,1,0,202008,1,7,1,1723,1720,1816,1825,WN,746,N746SW,53,65,43,-9,3,PHX,ABQ,328,5,5,0,,0,NA,NA,NA,NA,NA2008,1,7,1,1318,1110,1417,1220,WN,1241,N699SW,59,70,47,117,128,PHX,ABQ,328,3,9,0,,0,0,0,0,0,1172008,1,7,1,2059,1955,2159,2100,WN,1415,N304SW,60,65,44,59,64,PHX,ABQ,328,3,13,0,,0,0,0,0,0,592008,1,7,1,1530,1450,1634,1550,WN,2374,N323SW,64,60,48,44,40,PHX,ABQ,328,3,13,0,,0,26,0,4,0,142008,1,7,1,NA,1630,NA,1730,WN,2614,,NA,60,NA,NA,NA,PHX,ABQ,328,NA,NA,1,A,0,NA,NA,NA,NA,NA2008,1,7,1,1003,950,1104,1050,WN,2787,N384SW,61,60,44,14,13,PHX,ABQ,328,5,12,0,,0,NA,NA,NA,NA,NA2008,1,7,1,807,810,901,915,WN,3421,N520SW,54,65,43,-14,-3,PHX,ABQ,328,3,8,0,,0,NA,NA,NA,NA,NA2008,1,7,1,1113,1105,1414,1420,WN,154,N747SA,121,135,103,-6,8,PHX,AUS,872,5,13,0,,0,NA,NA,NA,NA,NA2008,1,7,1,2028,2015,2327,2320,WN,780,N314SW,119,125,107,7,13,PHX,AUS,872,5,7,0,,0,NA,NA,NA,NA,NA2008,1,7,1,1648,1600,1943,1910,WN,3409,N611SW,115,130,106,33,48,PHX,AUS,872,3,6,0,,0,6,0,0,0,272008,1,7,1,902,840,1158,1150,WN,3949,N693SW,116,130,106,8,22,PHX,AUS,872,3,7,0,,0,NA,NA,NA,NA,NA2008,1,7,1,1949,1935,2338,2340,WN,1214,N482WN,169,185,160,-2,14,PHX,BHM,1455,3,6,0,,0,NA,NA,NA,NA,NA2008,1,7,1,2009,2005,7,15,WN,109,N232WN,178,190,165,-8,4,PHX,BNA,1448,4,9,0,,0,NA,NA,NA,NA,NA2008,1,7,1,642,640,1037,1050,WN,638,N794SW,175,190,160,-13,2,PHX,BNA,1448,4,11,0,,0,NA,NA,NA,NA,NA2008,1,7,1,1621,1555,2020,2005,WN,891,N209WN,179,190,166,15,26,PHX,BNA,1448,6,7,0,,0,5,0,0,0,102008,1,7,1,1410,1255,1815,1710,WN,1058,N449WN,185,195,160,65,75,PHX,BNA,1448,6,19,0,,0,0,0,0,0,652008,1,7,1,1019,950,1618,1600,WN,496,N771SA,239,250,204,18,29,PHX,BUF,1912,3,32,0,,0,4,0,0,0,142008,1,7,1,1404,1340,1439,1405,WN,10,N302SW,95,85,75,34,24,PHX,BUR,369,3,17,0,,0,1,0,10,0,232008,1,7,1,952,935,1024,1005,WN,529,N354SW,92,90,80,19,17,PHX,BUR,369,6,6,0,,0,15,0,2,0,22008,1,7,1,1619,1545,1641,1605,WN,734,N695SW,82,80,72,36,34,PHX,BUR,369,3,7,0,,0,0,0,2,0,342008,1,7,1,1754,1750,1813,1810,WN,806,N456WN,79,80,66,3,4,PHX,BUR,369,6,7,0,,0,NA,NA,NA,NA,NA2008,1,7,1,1833,1835,1856,1855,WN,921,N266WN,83,80,73,1,-2,PHX,BUR,369,4,6,0,,0,NA,NA,NA,NA,NA2008,1,7,1,1159,1055,1231,1125,WN,957,N382SW,92,90,74,66,64,PHX,BUR,369,4,14,0,,0,0,0,2,0,642008,1,7,1,759,800,826,825,WN,2613,N470WN,87,85,77,1,-1,PHX,BUR,369,3,7,0,,0,NA,NA,NA,NA,NA2008,1,7,1,2010,2010,2033,2035,WN,2871,N475WN,83,85,72,-2,0,PHX,BUR,369,2,9,0,,0,NA,NA,NA,NA,NA2008,1,7,1,2217,2135,2229,2155,WN,3323,N272WN,72,80,64,34,42,PHX,BUR,369,2,6,0,,0,0,0,0,0,342008,1,7,1,722,720,749,745,WN,3681,N355SW,87,85,78,4,2,PHX,BUR,369,2,7,0,,0,NA,NA,NA,NA,NA2008,1,7,1,1135,1105,1725,1725,WN,236,N461WN,230,260,219,0,30,PHX,BWI,1999,3,8,0,,0,NA,NA,NA,NA,NA2008,1,7,1,700,700,1300,1310,WN,899,N716SW,240,250,222,-10,0,PHX,BWI,1999,3,15,0,,0,NA,NA,NA,NA,NA2008,1,7,1,1237,1210,1843,1820,WN,1155,N267WN,246,250,219,23,27,PHX,BWI,1999,3,24,0,,0,4,0,0,0,192008,1,7,1,1506,1445,2102,2055,WN,1686,N274WN,236,250,220,7,21,PHX,BWI,1999,5,11,0,,0,NA,NA,NA,NA,NA2008,1,7,1,903,905,1420,1440,WN,2103,N798SW,197,215,185,-20,-2,PHX,CMH,1671,4,8,0,,0,NA,NA,NA,NA,NA2008,1,7,1,1014,930,1208,1115,WN,873,N756SA,114,105,78,53,44,PHX,DEN,602,7,29,0,,0,6,0,9,0,382008,1,7,1,1946,1945,2118,2130,WN,964,N486WN,92,105,80,-12,1,PHX,DEN,602,6,6,0,,0,NA,NA,NA,NA,NA2008,1,7,1,637,635,806,820,WN,992,N729SW,89,105,75,-14,2,PHX,DEN,602,5,9,0,,0,NA,NA,NA,NA,NA2008,1,7,1,1352,1320,1533,1505,WN,2039,N658SW,101,105,83,28,32,PHX,DEN,602,7,11,0,,0,16,0,0,0,122008,1,7,1,1605,1540,1745,1720,WN,2786,N663SW,100,100,86,25,25,PHX,DEN,602,7,7,0,,0,25,0,0,0,02008,1,7,1,2033,2035,2204,2220,WN,3669,N312SW,91,105,80,-16,-2,PHX,DEN,602,5,6,0,,0,NA,NA,NA,NA,NA2008,1,7,1,1011,950,1550,1540,WN,1428,N241WN,219,230,189,10,21,PHX,DTW,1671,8,22,0,,0,NA,NA,NA,NA,NA2008,1,7,1,739,740,836,845,WN,23,N614SW,57,65,46,-9,-1,PHX,ELP,347,4,7,0,,0,NA,NA,NA,NA,NA2008,1,7,1,1354,1305,1503,1410,WN,116,N617SW,69,65,49,53,49,PHX,ELP,347,3,17,0,,0,19,0,4,0,302008,1,7,1,1910,1900,2008,2005,WN,481,N269WN,58,65,47,3,10,PHX,ELP,347,3,8,0,,0,NA,NA,NA,NA,NA2008,1,7,1,1523,1500,1626,1605,WN,1506,N723SW,63,65,46,21,23,PHX,ELP,347,3,14,0,,0,0,0,0,0,212008,1,7,1,1735,1720,1828,1825,WN,1745,N225WN,53,65,44,3,15,PHX,ELP,347,2,7,0,,0,NA,NA,NA,NA,NA2008,1,7,1,2131,2135,2236,2240,WN,3140,N231WN,65,65,48,-4,-4,PHX,ELP,347,3,14,0,,0,NA,NA,NA,NA,NA2008,1,7,1,1019,1020,1140,1125,WN,3419,N734SA,81,65,45,15,-1,PHX,ELP,347,3,33,0,,0,0,0,15,0,02008,1,7,1,1332,1250,1700,1620,WN,342,N488WN,148,150,126,40,42,PHX,HOU,1020,4,18,0,,0,6,0,0,0,342008,1,7,1,1733,1615,2041,1940,WN,933,N255WN,128,145,121,61,78,PHX,HOU,1020,3,4,0,,0,6,0,0,0,552008,1,7,1,614,615,935,940,WN,1508,N270WN,141,145,124,-5,-1,PHX,HOU,1020,5,12,0,,0,NA,NA,NA,NA,NA2008,1,7,1,2053,2000,10,2320,WN,2268,N637SW,137,140,126,50,53,PHX,HOU,1020,4,7,0,,0,0,0,0,0,502008,1,7,1,922,915,1243,1250,WN,3317,N506SW,141,155,131,-7,7,PHX,HOU,1020,3,7,0,,0,NA,NA,NA,NA,NA2008,1,7,1,1220,1055,1745,1625,WN,1034,N759GS,205,210,171,80,85,PHX,IND,1489,10,24,0,,0,0,0,0,0,802008,1,7,1,1754,1725,2257,2245,WN,2726,N742SW,183,200,169,12,29,PHX,IND,1489,8,6,0,,0,NA,NA,NA,NA,NA2008,1,7,1,1353,1345,1356,1350,WN,221,N232WN,63,65,49,6,8,PHX,LAS,256,2,12,0,,0,NA,NA,NA,NA,NA2008,1,7,1,1632,1615,1635,1620,WN,340,N619SW,63,65,48,15,17,PHX,LAS,256,6,9,0,,0,9,0,0,0,62008,1,7,1,643,645,643,645,WN,376,N636WN,60,60,45,-2,-2,PHX,LAS,256,6,9,0,,0,NA,NA,NA,NA,NA2008,1,7,1,NA,1505,NA,1505,WN,538,,NA,60,NA,NA,NA,PHX,LAS,256,NA,NA,1,C,0,NA,NA,NA,NA,NA2008,1,7,1,831,830,832,840,WN,619,N378SW,61,70,44,-8,1,PHX,LAS,256,6,11,0,,0,NA,NA,NA,NA,NA2008,1,7,1,1657,1650,1656,1655,WN,675,N497WN,59,65,46,1,7,PHX,LAS,256,7,6,0,,0,NA,NA,NA,NA,NA2008,1,7,1,1721,1720,1736,1725,WN,700,N331SW,75,65,46,11,1,PHX,LAS,256,23,6,0,,0,NA,NA,NA,NA,NA2008,1,7,1,2023,2000,2021,2005,WN,774,N771SA,58,65,48,16,23,PHX,LAS,256,3,7,0,,0,0,0,0,0,162008,1,7,1,1854,1900,1851,1900,WN,875,N770SA,57,60,46,-9,-6,PHX,LAS,256,5,6,0,,0,NA,NA,NA,NA,NA2008,1,7,1,858,900,900,910,WN,984,N362SW,62,70,46,-10,-2,PHX,LAS,256,6,10,0,,0,NA,NA,NA,NA,NA2008,1,7,1,2118,2120,2119,2125,WN,998,N353SW,61,65,48,-6,-2,PHX,LAS,256,3,10,0,,0,NA,NA,NA,NA,NA2008,1,7,1,1253,1240,1303,1245,WN,1245,N787SA,70,65,51,18,13,PHX,LAS,256,4,15,0,,0,0,0,5,0,132008,1,7,1,1529,1435,1534,1440,WN,1318,N797MX,65,65,46,54,54,PHX,LAS,256,6,13,0,,0,10,0,0,0,442008,1,7,1,729,730,727,730,WN,2030,N484WN,58,60,45,-3,-1,PHX,LAS,256,8,5,0,,0,NA,NA,NA,NA,NA2008,1,7,1,1546,1545,1604,1550,WN,2803,N223WN,78,65,46,14,1,PHX,LAS,256,7,25,0,,0,NA,NA,NA,NA,NA2008,1,7,1,2041,2030,2033,2035,WN,3061,N745SW,52,65,44,-2,11,PHX,LAS,256,3,5,0,,0,NA,NA,NA,NA,NA2008,1,7,1,1158,1155,1210,1205,WN,3507,N689SW,72,70,50,5,3,PHX,LAS,256,5,17,0,,0,NA,NA,NA,NA,NA2008,1,7,1,1026,1010,1058,1020,WN,3572,N280WN,92,70,48,38,16,PHX,LAS,256,4,40,0,,0,0,0,22,0,162008,1,7,1,1537,1540,1549,1600,WN,169,N550WN,72,80,59,-11,-3,PHX,LAX,370,5,8,0,,0,NA,NA,NA,NA,NA2008,1,7,1,1505,1440,1524,1500,WN,232,N433LV,79,80,61,24,25,PHX,LAX,370,9,9,0,,0,0,0,0,0,242008,1,7,1,1811,1815,1826,1835,WN,303,N459WN,75,80,59,-9,-4,PHX,LAX,370,6,10,0,,0,NA,NA,NA,NA,NA2008,1,7,1,1914,1915,1935,1935,WN,343,N674AA,81,80,60,0,-1,PHX,LAX,370,15,6,0,,0,NA,NA,NA,NA,NA2008,1,7,1,1051,1040,1128,1105,WN,769,N622SW,97,85,61,23,11,PHX,LAX,370,9,27,0,,0,0,6,12,0,52008,1,7,1,2106,2050,2124,2115,WN,1033,N402WN,78,85,60,9,16,PHX,LAX,370,8,10,0,,0,NA,NA,NA,NA,NA2008,1,7,1,1331,1205,1354,1230,WN,1237,N240WN,83,85,66,84,86,PHX,LAX,370,7,10,0,,0,13,0,0,0,712008,1,7,1,645,645,700,705,WN,2291,N482WN,75,80,65,-5,0,PHX,LAX,370,5,5,0,,0,NA,NA,NA,NA,NA2008,1,7,1,1743,1735,1758,1755,WN,2359,N254WN,75,80,61,3,8,PHX,LAX,370,8,6,0,,0,NA,NA,NA,NA,NA2008,1,7,1,1325,1315,1353,1335,WN,2360,N370SW,88,80,60,18,10,PHX,LAX,370,15,13,0,,0,1,0,8,0,92008,1,7,1,717,715,736,735,WN,2639,N742SW,79,80,66,1,2,PHX,LAX,370,7,6,0,,0,NA,NA,NA,NA,NA2008,1,7,1,1619,1610,1633,1630,WN,2812,N622SW,74,80,63,3,9,PHX,LAX,370,6,5,0,,0,NA,NA,NA,NA,NA2008,1,7,1,1644,1645,1653,1700,WN,3936,N232WN,69,75,59,-7,-1,PHX,LAX,370,5,5,0,,0,NA,NA,NA,NA,NA2008,1,7,1,2022,1955,2345,2330,WN,753,N285WN,143,155,130,15,27,PHX,LIT,1136,5,8,0,,0,0,0,0,0,152008,1,7,1,1857,1900,2210,2230,WN,84,N688SW,133,150,123,-20,-3,PHX,MCI,1044,5,5,0,,0,NA,NA,NA,NA,NA2008,1,7,1,2126,2105,43,35,WN,835,N494WN,137,150,119,8,21,PHX,MCI,1044,4,14,0,,0,NA,NA,NA,NA,NA2008,1,7,1,1408,1240,1730,1610,WN,1006,N385SW,142,150,121,80,88,PHX,MCI,1044,4,17,0,,0,0,0,0,0,802008,1,7,1,650,650,1004,1020,WN,3856,N509SW,134,150,124,-16,0,PHX,MCI,1044,4,6,0,,0,NA,NA,NA,NA,NA2008,1,7,1,1056,1025,1656,1625,WN,3509,N454WN,240,240,209,31,31,PHX,MCO,1848,7,24,0,,0,0,2,0,0,292008,1,7,1,2029,2030,33,45,WN,349,N281WN,184,195,171,-12,-1,PHX,MDW,1444,7,6,0,,0,NA,NA,NA,NA,NA2008,1,7,1,858,855,1253,1315,WN,885,N485WN,175,200,162,-22,3,PHX,MDW,1444,4,9,0,,0,NA,NA,NA,NA,NA2008,1,7,1,1915,1920,2318,2340,WN,1566,N479WN,183,200,171,-22,-5,PHX,MDW,1444,6,6,0,,0,NA,NA,NA,NA,NA2008,1,7,1,1117,1050,1511,1515,WN,1667,N411WN,174,205,159,-4,27,PHX,MDW,1444,4,11,0,,0,NA,NA,NA,NA,NA2008,1,7,1,1616,1610,2015,2030,WN,1929,N419WN,179,200,168,-15,6,PHX,MDW,1444,5,6,0,,0,NA,NA,NA,NA,NA2008,1,7,1,1302,1230,1707,1655,WN,2474,N490WN,185,205,166,12,32,PHX,MDW,1444,5,14,0,,0,NA,NA,NA,NA,NA2008,1,7,1,1426,1350,NA,1810,WN,2703,N775SW,NA,200,NA,NA,36,PHX,MDW,1444,NA,11,0,,1,NA,NA,NA,NA,NA2008,1,7,1,601,600,952,1015,WN,2813,N219WN,171,195,157,-23,1,PHX,MDW,1444,4,10,0,,0,NA,NA,NA,NA,NA2008,1,7,1,1233,1145,1857,1830,WN,3598,N717SA,264,285,233,27,48,PHX,MHT,2279,6,25,0,,0,3,0,0,0,242008,1,7,1,1216,1215,1607,1605,WN,1167,N414WN,171,170,146,2,1,PHX,MSY,1301,4,21,0,,0,NA,NA,NA,NA,NA2008,1,7,1,1750,1715,1854,1820,WN,357,N675AA,124,125,109,34,35,PHX,OAK,646,6,9,0,,0,20,0,0,0,142008,1,7,1,631,630,745,735,WN,811,N368SW,134,125,120,10,1,PHX,OAK,646,5,9,0,,0,NA,NA,NA,NA,NA2008,1,7,1,1239,1130,1352,1235,WN,1028,N255WN,133,125,105,77,69,PHX,OAK,646,6,22,0,,0,0,0,8,0,692008,1,7,1,1904,1905,1955,2005,WN,2336,N495WN,111,120,100,-10,-1,PHX,OAK,646,5,6,0,,0,NA,NA,NA,NA,NA2008,1,7,1,955,925,1100,1035,WN,2646,N646SW,125,130,113,25,30,PHX,OAK,646,7,5,0,,0,12,0,0,0,132008,1,7,1,1459,1455,1554,1600,WN,3240,N731SA,115,125,104,-6,4,PHX,OAK,646,5,6,0,,0,NA,NA,NA,NA,NA2008,1,7,1,2154,2150,2254,2250,WN,3492,N244WN,120,120,104,4,4,PHX,OAK,646,8,8,0,,0,NA,NA,NA,NA,NA2008,1,7,1,827,830,1124,1140,WN,102,N359SW,117,130,102,-16,-3,PHX,OKC,833,4,11,0,,0,NA,NA,NA,NA,NA2008,1,7,1,2101,2025,2359,2330,WN,282,N528SW,118,125,103,29,36,PHX,OKC,833,4,11,0,,0,29,0,0,0,02008,1,7,1,1332,1235,1625,1540,WN,940,N358SW,113,125,100,45,57,PHX,OKC,833,2,11,0,,0,17,0,0,0,282008,1,7,1,1555,1515,1902,1840,WN,316,N247WN,127,145,121,22,40,PHX,OMA,1037,2,4,0,,0,1,0,0,0,212008,1,7,1,2020,2015,2336,2340,WN,559,N509SW,136,145,127,-4,5,PHX,OMA,1037,2,7,0,,0,NA,NA,NA,NA,NA2008,1,7,1,714,715,1028,1045,WN,1333,N641SW,134,150,126,-17,-1,PHX,OMA,1037,3,5,0,,0,NA,NA,NA,NA,NA2008,1,7,1,746,750,752,805,WN,238,N371SW,66,75,55,-13,-4,PHX,ONT,325,3,8,0,,0,NA,NA,NA,NA,NA2008,1,7,1,1624,1550,1626,1555,WN,508,N477WN,62,65,51,31,34,PHX,ONT,325,5,6,0,,0,0,0,0,0,312008,1,7,1,918,910,923,925,WN,560,N695SW,65,75,54,-2,8,PHX,ONT,325,4,7,0,,0,NA,NA,NA,NA,NA2008,1,7,1,1028,1000,1108,1020,WN,616,N441WN,100,80,54,48,28,PHX,ONT,325,5,41,0,,0,0,0,20,0,282008,1,7,1,1145,1110,1149,1130,WN,876,N443WN,64,80,53,19,35,PHX,ONT,325,5,6,0,,0,1,0,0,0,182008,1,7,1,1738,1720,1740,1730,WN,966,N354SW,62,70,52,10,18,PHX,ONT,325,5,5,0,,0,NA,NA,NA,NA,NA2008,1,7,1,1847,1850,1852,1900,WN,1679,N369SW,65,70,52,-8,-3,PHX,ONT,325,5,8,0,,0,NA,NA,NA,NA,NA2008,1,7,1,2132,2135,2141,2145,WN,2369,N453WN,69,70,50,-4,-3,PHX,ONT,325,7,12,0,,0,NA,NA,NA,NA,NA2008,1,7,1,631,630,645,645,WN,2987,N248WN,74,75,59,0,1,PHX,ONT,325,5,10,0,,0,NA,NA,NA,NA,NA2008,1,7,1,657,700,703,715,WN,3422,N454WN,66,75,54,-12,-3,PHX,ONT,325,4,8,0,,0,NA,NA,NA,NA,NA2008,1,7,1,2026,2020,2027,2030,WN,3691,N229WN,61,70,52,-3,6,PHX,ONT,325,4,5,0,,0,NA,NA,NA,NA,NA2008,1,7,1,NA,1325,NA,1335,WN,3767,,NA,70,NA,NA,NA,PHX,ONT,325,NA,NA,1,A,0,NA,NA,NA,NA,NA2008,1,7,1,837,835,1044,1040,WN,364,N352SW,187,185,170,4,2,PHX,PDX,1009,2,15,0,,0,NA,NA,NA,NA,NA2008,1,7,1,1404,1345,1611,1540,WN,1012,N612SW,187,175,171,31,19,PHX,PDX,1009,2,14,0,,0,5,0,12,0,142008,1,7,1,1947,1945,2133,2140,WN,1484,N765SW,166,175,157,-7,2,PHX,PDX,1009,3,6,0,,0,NA,NA,NA,NA,NA2008,1,7,1,1004,940,1609,1600,WN,175,N281WN,245,260,222,9,24,PHX,PHL,2075,6,17,0,,0,NA,NA,NA,NA,NA2008,1,7,1,1606,1600,2207,2220,WN,287,N787SA,241,260,229,-13,6,PHX,PHL,2075,5,7,0,,0,NA,NA,NA,NA,NA2008,1,7,1,1413,1310,1948,1905,WN,3657,N208WN,215,235,194,43,63,PHX,PIT,1813,4,17,0,,0,0,0,0,0,432008,1,7,1,1017,920,1651,1605,WN,2452,N290WN,274,285,241,46,57,PHX,PVD,2277,4,29,0,,0,0,2,0,0,442008,1,7,1,1021,940,1642,1545,WN,2818,N260WN,261,245,219,57,41,PHX,RDU,1891,4,38,0,,0,33,0,16,0,82008,1,7,1,2131,2120,2223,2210,WN,489,N294WN,112,110,92,13,11,PHX,RNO,601,5,15,0,,0,NA,NA,NA,NA,NA2008,1,7,1,1515,1430,1616,1520,WN,736,N636WN,121,110,97,56,45,PHX,RNO,601,4,20,0,,0,43,0,11,0,22008,1,7,1,1021,1020,1145,1115,WN,1144,N797MX,144,115,98,30,1,PHX,RNO,601,5,41,0,,0,0,0,30,0,02008,1,7,1,1510,1405,1516,1410,WN,123,N756SA,66,65,51,66,65,PHX,SAN,304,3,12,0,,0,0,0,1,0,652008,1,7,1,2122,2120,2124,2125,WN,242,N247WN,62,65,48,-1,2,PHX,SAN,304,3,11,0,,0,NA,NA,NA,NA,NA2008,1,7,1,2116,2045,2117,2050,WN,381,N628SW,61,65,48,27,31,PHX,SAN,304,3,10,0,,0,1,0,0,0,262008,1,7,1,1641,1645,1641,1650,WN,458,N735SA,60,65,51,-9,-4,PHX,SAN,304,2,7,0,,0,NA,NA,NA,NA,NA2008,1,7,1,1218,1155,1242,1205,WN,585,N291WN,84,70,60,37,23,PHX,SAN,304,2,22,0,,0,0,0,14,0,232008,1,7,1,1037,1030,1113,1045,WN,1010,N761RR,96,75,54,28,7,PHX,SAN,304,2,40,0,,0,0,0,21,0,72008,1,7,1,NA,845,NA,855,WN,1069,,NA,70,NA,NA,NA,PHX,SAN,304,NA,NA,1,A,0,NA,NA,NA,NA,NA2008,1,7,1,1952,1955,1959,2000,WN,1172,N439WN,67,65,51,-1,-3,PHX,SAN,304,6,10,0,,0,NA,NA,NA,NA,NA2008,1,7,1,1742,1730,1743,1735,WN,1511,N601WN,61,65,51,8,12,PHX,SAN,304,3,7,0,,0,NA,NA,NA,NA,NA2008,1,7,1,659,700,705,710,WN,1594,N304SW,66,70,56,-5,-1,PHX,SAN,304,2,8,0,,0,NA,NA,NA,NA,NA2008,1,7,1,1614,1610,1615,1615,WN,1600,N347SW,61,65,51,0,4,PHX,SAN,304,3,7,0,,0,NA,NA,NA,NA,NA2008,1,7,1,759,800,806,810,WN,1855,N314SW,67,70,54,-4,-1,PHX,SAN,304,3,10,0,,0,NA,NA,NA,NA,NA2008,1,7,1,1501,1455,1501,1500,WN,2442,N279WN,60,65,50,1,6,PHX,SAN,304,2,8,0,,0,NA,NA,NA,NA,NA2008,1,7,1,1841,1840,1844,1845,WN,3839,N405WN,63,65,54,-1,1,PHX,SAN,304,2,7,0,,0,NA,NA,NA,NA,NA2008,1,7,1,919,910,1210,1210,WN,327,N607SW,111,120,99,0,9,PHX,SAT,843,3,9,0,,0,NA,NA,NA,NA,NA2008,1,7,1,2021,2025,2311,2325,WN,796,N754SW,110,120,101,-14,-4,PHX,SAT,843,3,6,0,,0,NA,NA,NA,NA,NA2008,1,7,1,1629,1615,1924,1915,WN,2015,N458WN,115,120,98,9,14,PHX,SAT,843,2,15,0,,0,NA,NA,NA,NA,NA2008,1,7,1,1221,1200,1529,1505,WN,3168,N503SW,128,125,98,24,21,PHX,SAT,843,2,28,0,,0,15,0,3,0,62008,1,7,1,1427,1150,1929,1705,WN,2808,N388SW,182,195,168,144,157,PHX,SDF,1506,5,9,0,,0,8,0,0,0,1362008,1,7,1,852,850,1054,1105,WN,754,N276WN,182,195,172,-11,2,PHX,SEA,1107,5,5,0,,0,NA,NA,NA,NA,NA2008,1,7,1,1238,1145,1507,1400,WN,1481,N463WN,209,195,181,67,53,PHX,SEA,1107,4,24,0,,0,40,0,14,0,132008,1,7,1,1936,1935,2142,2145,WN,2361,N387SW,186,190,175,-3,1,PHX,SEA,1107,4,7,0,,0,NA,NA,NA,NA,NA2008,1,7,1,2110,2115,2205,2210,WN,160,N498WN,115,115,100,-5,-5,PHX,SJC,621,4,11,0,,0,NA,NA,NA,NA,NA2008,1,7,1,1845,1845,1942,1940,WN,177,N334SW,117,115,106,2,0,PHX,SJC,621,3,8,0,,0,NA,NA,NA,NA,NA2008,1,7,1,1021,955,1142,1100,WN,502,N338SW,141,125,107,42,26,PHX,SJC,621,2,32,0,,0,0,6,16,0,202008,1,7,1,1516,1415,1618,1510,WN,2094,N637SW,122,115,102,68,61,PHX,SJC,621,4,16,0,,0,0,0,7,0,612008,1,7,1,625,625,741,730,WN,2116,N615SW,136,125,122,11,0,PHX,SJC,621,4,10,0,,0,NA,NA,NA,NA,NA2008,1,7,1,1225,1220,1334,1325,WN,2976,N551WN,129,125,101,9,5,PHX,SJC,621,2,26,0,,0,NA,NA,NA,NA,NA2008,1,7,1,1343,1315,1527,1450,WN,320,N354SW,104,95,82,37,28,PHX,SLC,507,4,18,0,,0,0,0,9,0,282008,1,7,1,1901,1845,2024,2020,WN,410,N470WN,83,95,74,4,16,PHX,SLC,507,3,6,0,,0,NA,NA,NA,NA,NA2008,1,7,1,1136,1055,1315,1235,WN,414,N656SW,99,100,86,40,41,PHX,SLC,507,5,8,0,,0,10,0,0,0,302008,1,7,1,2121,2120,2253,2250,WN,980,N456WN,92,90,77,3,1,PHX,SLC,507,3,12,0,,0,NA,NA,NA,NA,NA2008,1,7,1,1504,1425,1640,1600,WN,1022,N673AA,96,95,79,40,39,PHX,SLC,507,3,14,0,,0,0,0,1,0,392008,1,7,1,825,825,957,1005,WN,1041,N466WN,92,100,77,-8,0,PHX,SLC,507,4,11,0,,0,NA,NA,NA,NA,NA2008,1,7,1,1659,1655,1823,1830,WN,1684,N275WN,84,95,76,-7,4,PHX,SLC,507,3,5,0,,0,NA,NA,NA,NA,NA2008,1,7,1,622,620,755,800,WN,2551,N622SW,93,100,77,-5,2,PHX,SLC,507,6,10,0,,0,NA,NA,NA,NA,NA2008,1,7,1,706,705,808,810,WN,162,N489WN,122,125,109,-2,1,PHX,SMF,647,3,10,0,,0,NA,NA,NA,NA,NA2008,1,7,1,1037,1025,1206,1135,WN,207,N628SW,149,130,110,31,12,PHX,SMF,647,4,35,0,,0,6,0,19,0,62008,1,7,1,1320,1240,1424,1340,WN,331,N470WN,124,120,108,44,40,PHX,SMF,647,5,11,0,,0,0,0,4,0,402008,1,7,1,1512,1500,1614,1600,WN,877,N486WN,122,120,104,14,12,PHX,SMF,647,4,14,0,,0,NA,NA,NA,NA,NA2008,1,7,1,2130,2135,2232,2235,WN,1309,N346SW,122,120,102,-3,-5,PHX,SMF,647,7,13,0,,0,NA,NA,NA,NA,NA2008,1,7,1,1805,1810,1859,1910,WN,2453,N417WN,114,120,104,-11,-5,PHX,SMF,647,3,7,0,,0,NA,NA,NA,NA,NA2008,1,7,1,1715,1635,1810,1735,WN,3941,N365SW,115,120,105,35,40,PHX,SMF,647,3,7,0,,0,35,0,0,0,02008,1,7,1,1149,1135,1200,1155,WN,259,N723SW,71,80,59,5,14,PHX,SNA,338,4,8,0,,0,NA,NA,NA,NA,NA2008,1,7,1,915,915,939,935,WN,453,N478WN,84,80,58,4,0,PHX,SNA,338,19,7,0,,0,NA,NA,NA,NA,NA2008,1,7,1,2134,2135,2146,2150,WN,473,N781WN,72,75,55,-4,-1,PHX,SNA,338,5,12,0,,0,NA,NA,NA,NA,NA2008,1,7,1,703,705,717,720,WN,659,N250WN,74,75,60,-3,-2,PHX,SNA,338,5,9,0,,0,NA,NA,NA,NA,NA2008,1,7,1,1515,1515,1548,1530,WN,1413,N218WN,93,75,55,18,0,PHX,SNA,338,19,19,0,,0,0,0,18,0,02008,1,7,1,1921,1925,1927,1935,WN,2093,N427WN,66,70,56,-8,-4,PHX,SNA,338,5,5,0,,0,NA,NA,NA,NA,NA2008,1,7,1,1717,1720,1720,1730,WN,2707,N426WN,63,70,54,-10,-3,PHX,SNA,338,4,5,0,,0,NA,NA,NA,NA,NA2008,1,7,1,1339,1330,1350,1345,WN,3501,N409WN,71,75,52,5,9,PHX,SNA,338,5,14,0,,0,NA,NA,NA,NA,NA2008,1,7,1,1522,1450,1904,1845,WN,752,N352SW,162,175,143,19,32,PHX,STL,1262,4,15,0,,0,19,0,0,0,02008,1,7,1,1714,1705,2056,2055,WN,868,N243WN,162,170,147,1,9,PHX,STL,1262,3,12,0,,0,NA,NA,NA,NA,NA2008,1,7,1,1907,1905,2300,2300,WN,958,N525SW,173,175,164,0,2,PHX,STL,1262,4,5,0,,0,NA,NA,NA,NA,NA2008,1,7,1,701,705,1032,1055,WN,1025,N633SW,151,170,141,-23,-4,PHX,STL,1262,3,7,0,,0,NA,NA,NA,NA,NA2008,1,7,1,1243,1055,1633,1450,WN,3333,N301SW,170,175,143,103,108,PHX,STL,1262,5,22,0,,0,103,0,0,0,02008,1,7,1,1023,945,1630,1540,WN,243,N728SW,247,235,206,50,38,PHX,TPA,1788,3,38,0,,0,22,0,12,0,162008,1,7,1,2059,2040,13,2355,WN,504,N678AA,134,135,119,18,19,PHX,TUL,935,3,12,0,,0,18,0,0,0,02008,1,7,1,1426,1355,1732,1710,WN,627,N355SW,126,135,111,22,31,PHX,TUL,935,3,12,0,,0,0,2,0,0,202008,1,7,1,1033,1010,1404,1325,WN,3235,N611SW,151,135,110,39,23,PHX,TUL,935,3,38,0,,0,8,0,16,0,152008,1,7,1,722,710,819,805,WN,726,N306SW,57,55,43,14,12,PIT,BWI,210,4,10,0,,0,NA,NA,NA,NA,NA2008,1,7,1,1006,1005,1101,1100,WN,1414,N460WN,55,55,40,1,1,PIT,BWI,210,4,11,0,,0,NA,NA,NA,NA,NA2008,1,7,1,2010,1925,2105,2020,WN,3657,N208WN,55,55,42,45,45,PIT,BWI,210,2,11,0,,0,2,0,0,0,432008,1,7,1,1641,1645,1826,1840,WN,94,N287WN,285,295,274,-14,-4,PIT,LAS,1910,4,7,0,,0,NA,NA,NA,NA,NA2008,1,7,1,820,820,1009,1015,WN,3833,N408WN,289,295,276,-6,0,PIT,LAS,1910,6,7,0,,0,NA,NA,NA,NA,NA2008,1,7,1,715,720,918,945,WN,987,N445WN,123,145,109,-27,-5,PIT,MCO,834,6,8,0,,0,NA,NA,NA,NA,NA2008,1,7,1,1230,1235,1430,1455,WN,2560,N452WN,120,140,108,-25,-5,PIT,MCO,834,6,6,0,,0,NA,NA,NA,NA,NA2008,1,7,1,2010,2010,2210,2225,WN,3592,N485WN,120,135,108,-15,0,PIT,MCO,834,5,7,0,,0,NA,NA,NA,NA,NA2008,1,7,1,635,635,702,720,WN,478,N792SW,87,105,72,-18,0,PIT,MDW,402,4,11,0,,0,NA,NA,NA,NA,NA2008,1,7,1,1813,1755,NA,1830,WN,490,N651SW,NA,95,NA,NA,18,PIT,MDW,402,NA,9,0,,1,NA,NA,NA,NA,NA2008,1,7,1,1402,1410,1427,1435,WN,921,N266WN,85,85,66,-8,-8,PIT,MDW,402,5,14,0,,0,NA,NA,NA,NA,NA2008,1,7,1,1205,1205,1232,1235,WN,2361,N387SW,87,90,68,-3,0,PIT,MDW,402,5,14,0,,0,NA,NA,NA,NA,NA2008,1,7,1,2215,2035,2258,2105,WN,3336,N769SW,103,90,88,113,100,PIT,MDW,402,5,10,0,,0,0,0,13,0,1002008,1,7,1,859,900,927,935,WN,3501,N409WN,88,95,74,-8,-1,PIT,MDW,402,5,9,0,,0,NA,NA,NA,NA,NA2008,1,7,1,1454,1455,1553,1610,WN,374,N751SW,59,75,46,-17,-1,PIT,PHL,267,5,8,0,,0,NA,NA,NA,NA,NA2008,1,7,1,1808,1815,1915,1950,WN,548,N751SW,67,95,51,-35,-7,PIT,PHL,267,8,8,0,,0,NA,NA,NA,NA,NA2008,1,7,1,2051,2055,2149,2215,WN,575,N248WN,58,80,45,-26,-4,PIT,PHL,267,5,8,0,,0,NA,NA,NA,NA,NA2008,1,7,1,1241,1245,1338,1355,WN,1236,N379SW,57,70,43,-17,-4,PIT,PHL,267,5,9,0,,0,NA,NA,NA,NA,NA2008,1,7,1,632,630,728,740,WN,1683,N259WN,56,70,44,-12,2,PIT,PHL,267,4,8,0,,0,NA,NA,NA,NA,NA2008,1,7,1,755,755,903,905,WN,2724,N451WN,68,70,48,-2,0,PIT,PHL,267,4,16,0,,0,NA,NA,NA,NA,NA2008,1,7,1,1052,1055,1150,1205,WN,2964,N621SW,58,70,46,-15,-3,PIT,PHL,267,4,8,0,,0,NA,NA,NA,NA,NA2008,1,7,1,1328,1325,1615,1615,WN,458,N735SA,287,290,269,0,3,PIT,PHX,1813,6,12,0,,0,NA,NA,NA,NA,NA2008,1,7,1,1457,1500,1707,1735,WN,107,N698SW,130,155,116,-28,-3,PIT,TPA,873,4,10,0,,0,NA,NA,NA,NA,NA2008,1,7,1,1014,1015,1141,1200,WN,1151,N676SW,147,165,135,-19,-1,PVD,BNA,907,5,7,0,,0,NA,NA,NA,NA,NA2008,1,7,1,808,815,919,935,WN,354,N448WN,71,80,56,-16,-7,PVD,BWI,328,4,11,0,,0,NA,NA,NA,NA,NA2008,1,7,1,1718,1630,1826,1750,WN,421,N290WN,68,80,58,36,48,PVD,BWI,328,2,8,0,,0,1,0,0,0,352008,1,7,1,1110,1105,1217,1220,WN,983,N277WN,67,75,54,-3,5,PVD,BWI,328,7,6,0,,0,NA,NA,NA,NA,NA2008,1,7,1,1734,1730,1848,1850,WN,1062,N677AA,74,80,60,-2,4,PVD,BWI,328,4,10,0,,0,NA,NA,NA,NA,NA2008,1,7,1,1922,1925,2033,2045,WN,1154,N351SW,71,80,59,-12,-3,PVD,BWI,328,5,7,0,,0,NA,NA,NA,NA,NA2008,1,7,1,1300,1300,1402,1415,WN,1161,N491WN,62,75,53,-13,0,PVD,BWI,328,3,6,0,,0,NA,NA,NA,NA,NA2008,1,7,1,635,635,754,755,WN,2031,N391SW,79,80,58,-1,0,PVD,BWI,328,6,15,0,,0,NA,NA,NA,NA,NA2008,1,7,1,1829,1815,1944,1935,WN,2034,N321SW,75,80,62,9,14,PVD,BWI,328,3,10,0,,0,NA,NA,NA,NA,NA2008,1,7,1,924,925,1028,1040,WN,2442,N279WN,64,75,55,-12,-1,PVD,BWI,328,2,7,0,,0,NA,NA,NA,NA,NA2008,1,7,1,719,715,829,835,WN,2640,N221WN,70,80,55,-6,4,PVD,BWI,328,3,12,0,,0,NA,NA,NA,NA,NA2008,1,7,1,1524,1455,1628,1610,WN,2795,N421LV,64,75,56,18,29,PVD,BWI,328,2,6,0,,0,18,0,0,0,02008,1,7,1,2055,2100,2202,2215,WN,3918,N753SW,67,75,53,-13,-5,PVD,BWI,328,7,7,0,,0,NA,NA,NA,NA,NA2008,1,7,1,756,740,1041,1110,WN,2988,N769SW,165,210,156,-29,16,PVD,FLL,1188,3,6,0,,0,NA,NA,NA,NA,NA2008,1,7,1,730,730,1021,1040,WN,3423,N289CT,351,370,341,-19,0,PVD,LAS,2363,4,6,0,,0,NA,NA,NA,NA,NA2008,1,7,1,1233,1230,1512,1540,WN,186,N440LV,159,190,146,-28,3,PVD,MCO,1073,6,7,0,,0,NA,NA,NA,NA,NA2008,1,7,1,721,720,1005,1030,WN,499,N468WN,164,190,143,-25,1,PVD,MCO,1073,10,11,0,,0,NA,NA,NA,NA,NA2008,1,7,1,1702,1705,1943,2010,WN,1030,N293,161,185,146,-27,-3,PVD,MCO,1073,8,7,0,,0,NA,NA,NA,NA,NA2008,1,7,1,941,945,1217,1250,WN,2368,N226WN,156,185,143,-33,-4,PVD,MCO,1073,5,8,0,,0,NA,NA,NA,NA,NA2008,1,7,1,2048,2030,2334,2330,WN,2451,N728SW,166,180,152,4,18,PVD,MCO,1073,4,10,0,,0,NA,NA,NA,NA,NA2008,1,7,1,1545,1545,1833,1850,WN,3134,N635SW,168,185,154,-17,0,PVD,MCO,1073,6,8,0,,0,NA,NA,NA,NA,NA2008,1,7,1,625,630,811,810,WN,118,N418WN,166,160,152,1,-5,PVD,MDW,842,6,8,0,,0,NA,NA,NA,NA,NA2008,1,7,1,1125,1030,1250,1210,WN,299,N272WN,145,160,133,40,55,PVD,MDW,842,4,8,0,,0,0,0,0,0,402008,1,7,1,2156,1925,2400,2105,WN,393,N643SW,184,160,172,175,151,PVD,MDW,842,6,6,0,,0,0,0,149,0,262008,1,7,1,1520,1455,1643,1635,WN,3841,N481WN,143,160,132,8,25,PVD,MDW,842,5,6,0,,0,NA,NA,NA,NA,NA2008,1,7,1,820,825,924,940,WN,723,N683SW,64,75,48,-16,-5,PVD,PHL,238,5,11,0,,0,NA,NA,NA,NA,NA2008,1,7,1,1125,1130,1232,1245,WN,1319,N613SW,67,75,53,-13,-5,PVD,PHL,238,4,10,0,,0,NA,NA,NA,NA,NA2008,1,7,1,1348,1340,1519,1500,WN,1338,N768SW,91,80,64,19,8,PVD,PHL,238,5,22,0,,0,4,0,11,0,42008,1,7,1,NA,1540,NA,1710,WN,1410,,NA,90,NA,NA,NA,PVD,PHL,238,NA,NA,1,A,0,NA,NA,NA,NA,NA2008,1,7,1,2000,2005,2100,2125,WN,2731,N413WN,60,80,47,-25,-5,PVD,PHL,238,4,9,0,,0,NA,NA,NA,NA,NA2008,1,7,1,1635,1610,2022,2005,WN,3061,N745SW,347,355,334,17,25,PVD,PHX,2277,7,6,0,,0,10,0,0,0,72008,1,7,1,701,655,1003,1010,WN,77,N750SA,182,195,162,-7,6,PVD,TPA,1137,4,16,0,,0,NA,NA,NA,NA,NA2008,1,7,1,1341,1335,1635,1650,WN,3405,N244WN,174,195,161,-15,6,PVD,TPA,1137,4,9,0,,0,NA,NA,NA,NA,NA2008,1,7,1,1854,1855,2153,2210,WN,3580,N298WN,179,195,167,-17,-1,PVD,TPA,1137,4,8,0,,0,NA,NA,NA,NA,NA2008,1,7,1,2016,2020,2038,2055,WN,312,N389SW,82,95,73,-17,-4,RDU,BNA,443,4,5,0,,0,NA,NA,NA,NA,NA2008,1,7,1,822,825,843,900,WN,341,N356SW,81,95,71,-17,-3,RDU,BNA,443,4,6,0,,0,NA,NA,NA,NA,NA2008,1,7,1,616,615,640,650,WN,1597,N275WN,84,95,74,-10,1,RDU,BNA,443,4,6,0,,0,NA,NA,NA,NA,NA2008,1,7,1,1312,1315,1333,1350,WN,2463,N216WR,81,95,69,-17,-3,RDU,BNA,443,5,7,0,,0,NA,NA,NA,NA,NA2008,1,7,1,1741,1745,1815,1820,WN,2821,N772SW,94,95,72,-5,-4,RDU,BNA,443,13,9,0,,0,NA,NA,NA,NA,NA2008,1,7,1,2102,2105,2153,2200,WN,85,N361SW,51,55,42,-7,-3,RDU,BWI,255,4,5,0,,0,NA,NA,NA,NA,NA2008,1,7,1,1643,1645,1735,1745,WN,269,N376SW,52,60,44,-10,-2,RDU,BWI,255,2,6,0,,0,NA,NA,NA,NA,NA2008,1,7,1,636,635,732,730,WN,640,N383SW,56,55,44,2,1,RDU,BWI,255,3,9,0,,0,NA,NA,NA,NA,NA2008,1,7,1,1513,1520,1608,1620,WN,1516,N671SW,55,60,42,-12,-7,RDU,BWI,255,4,9,0,,0,NA,NA,NA,NA,NA2008,1,7,1,1203,1200,1254,1255,WN,2621,N421LV,51,55,43,-1,3,RDU,BWI,255,3,5,0,,0,NA,NA,NA,NA,NA2008,1,7,1,858,900,953,1000,WN,3569,N496WN,55,60,44,-7,-2,RDU,BWI,255,4,7,0,,0,NA,NA,NA,NA,NA2008,1,7,1,1725,1725,1927,1940,WN,563,N264LV,302,315,288,-13,0,RDU,LAS,2027,5,9,0,,0,NA,NA,NA,NA,NA2008,1,7,1,717,715,920,930,WN,1945,N271WN,303,315,287,-10,2,RDU,LAS,2027,9,7,0,,0,NA,NA,NA,NA,NA2008,1,7,1,828,830,957,1015,WN,430,N446WN,89,105,72,-18,-2,RDU,MCO,534,8,9,0,,0,NA,NA,NA,NA,NA2008,1,7,1,1254,1255,1425,1440,WN,1414,N460WN,91,105,76,-15,-1,RDU,MCO,534,7,8,0,,0,NA,NA,NA,NA,NA2008,1,7,1,1832,1835,2004,2020,WN,3046,N652SW,92,105,75,-16,-3,RDU,MCO,534,7,10,0,,0,NA,NA,NA,NA,NA2008,1,7,1,1047,1050,1217,1230,WN,3499,N467WN,90,100,75,-13,-3,RDU,MCO,534,7,8,0,,0,NA,NA,NA,NA,NA2008,1,7,1,1706,1615,NA,1720,WN,166,N260WN,NA,125,NA,NA,51,RDU,MDW,632,NA,6,0,,1,NA,NA,NA,NA,NA2008,1,7,1,724,715,828,820,WN,407,N655WN,124,125,115,8,9,RDU,MDW,632,3,6,0,,0,NA,NA,NA,NA,NA2008,1,7,1,1831,1835,2027,1940,WN,1076,N480WN,176,125,164,47,-4,RDU,MDW,632,5,7,0,,0,0,0,47,0,02008,1,7,1,945,940,1045,1045,WN,1402,N662SW,120,125,103,0,5,RDU,MDW,632,6,11,0,,0,NA,NA,NA,NA,NA2008,1,7,1,1124,1130,1230,1245,WN,144,N405WN,66,75,56,-15,-6,RDU,PHL,336,4,6,0,,0,NA,NA,NA,NA,NA2008,1,7,1,1338,1325,1442,1440,WN,201,N424WN,64,75,55,2,13,RDU,PHL,336,3,6,0,,0,NA,NA,NA,NA,NA2008,1,7,1,902,905,1017,1020,WN,334,N731SA,75,75,61,-3,-3,RDU,PHL,336,4,10,0,,0,NA,NA,NA,NA,NA2008,1,7,1,2040,2040,2145,2155,WN,882,N773SA,65,75,55,-10,0,RDU,PHL,336,3,7,0,,0,NA,NA,NA,NA,NA2008,1,7,1,1701,1700,1810,1825,WN,1502,N318SW,69,85,57,-15,1,RDU,PHL,336,6,6,0,,0,NA,NA,NA,NA,NA2008,1,7,1,659,700,833,815,WN,2206,N203WN,94,75,66,18,-1,RDU,PHL,336,7,21,0,,0,0,0,18,0,02008,1,7,1,1017,1015,1329,1320,WN,221,N232WN,312,305,295,9,2,RDU,PHX,1891,10,7,0,,0,NA,NA,NA,NA,NA2008,1,7,1,1026,1025,1201,1220,WN,2293,N203WN,95,115,84,-19,1,RDU,TPA,587,5,6,0,,0,NA,NA,NA,NA,NA2008,1,7,1,1906,1910,2044,2100,WN,2634,N252WN,98,110,86,-16,-4,RDU,TPA,587,6,6,0,,0,NA,NA,NA,NA,NA2008,1,7,1,623,625,801,820,WN,3266,N392SW,98,115,88,-19,-2,RDU,TPA,587,4,6,0,,0,NA,NA,NA,NA,NA2008,1,7,1,1819,1815,2024,2020,WN,239,N350SW,65,65,55,4,4,RNO,BOI,335,3,7,0,,0,NA,NA,NA,NA,NA2008,1,7,1,806,800,1009,1005,WN,2538,N206WN,63,65,52,4,6,RNO,BOI,335,4,7,0,,0,NA,NA,NA,NA,NA2008,1,7,1,1410,1410,1613,1615,WN,3589,N333SW,63,65,53,-2,0,RNO,BOI,335,3,7,0,,0,NA,NA,NA,NA,NA2008,1,7,1,1312,1255,1415,1410,WN,120,N645SW,63,75,51,5,17,RNO,LAS,345,4,8,0,,0,NA,NA,NA,NA,NA2008,1,7,1,1120,1115,1225,1225,WN,380,N793SA,65,70,49,0,5,RNO,LAS,345,5,11,0,,0,NA,NA,NA,NA,NA2008,1,7,1,1640,1545,1746,1655,WN,637,N636WN,66,70,52,51,55,RNO,LAS,345,7,7,0,,0,0,0,0,0,512008,1,7,1,1908,1910,2010,2020,WN,708,N497WN,62,70,52,-10,-2,RNO,LAS,345,3,7,0,,0,NA,NA,NA,NA,NA2008,1,7,1,2150,2150,2250,2300,WN,1017,N406WN,60,70,48,-10,0,RNO,LAS,345,4,8,0,,0,NA,NA,NA,NA,NA2008,1,7,1,1341,1340,1443,1455,WN,1027,N206WN,62,75,47,-12,1,RNO,LAS,345,6,9,0,,0,NA,NA,NA,NA,NA2008,1,7,1,1725,1725,1832,1835,WN,1072,N368SW,67,70,51,-3,0,RNO,LAS,345,8,8,0,,0,NA,NA,NA,NA,NA2008,1,7,1,2003,1940,2105,2050,WN,1403,N382SW,62,70,52,15,23,RNO,LAS,345,3,7,0,,0,0,0,0,0,152008,1,7,1,1039,1030,1142,1140,WN,2018,N332SW,63,70,52,2,9,RNO,LAS,345,3,8,0,,0,NA,NA,NA,NA,NA2008,1,7,1,920,855,1028,1005,WN,2113,N659SW,68,70,49,23,25,RNO,LAS,345,3,16,0,,0,0,0,23,0,02008,1,7,1,607,610,719,725,WN,3250,N291WN,72,75,48,-6,-3,RNO,LAS,345,6,18,0,,0,NA,NA,NA,NA,NA2008,1,7,1,1457,1445,1557,1555,WN,3517,N495WN,60,70,51,2,12,RNO,LAS,345,3,6,0,,0,NA,NA,NA,NA,NA2008,1,7,1,730,730,846,845,WN,3598,N717SA,76,75,52,1,0,RNO,LAS,345,5,19,0,,0,NA,NA,NA,NA,NA2008,1,7,1,1124,1120,1246,1240,WN,397,N442WN,82,80,58,6,4,RNO,LAX,390,5,19,0,,0,NA,NA,NA,NA,NA2008,1,7,1,1855,1855,2004,2020,WN,520,N265WN,69,85,56,-16,0,RNO,LAX,390,6,7,0,,0,NA,NA,NA,NA,NA2008,1,7,1,702,705,830,825,WN,2554,N661SW,88,80,62,5,-3,RNO,LAX,390,9,17,0,,0,NA,NA,NA,NA,NA2008,1,7,1,1100,1050,1630,1640,WN,324,N715SW,210,230,197,-10,10,RNO,MDW,1680,4,9,0,,0,NA,NA,NA,NA,NA2008,1,7,1,1019,1015,1115,1110,WN,891,N209WN,56,55,38,5,4,RNO,OAK,180,12,6,0,,0,NA,NA,NA,NA,NA2008,1,7,1,1213,1210,1303,1305,WN,2719,N416WN,50,55,39,-2,3,RNO,OAK,180,5,6,0,,0,NA,NA,NA,NA,NA2008,1,7,1,1805,1805,1913,1900,WN,2732,N335SW,68,55,39,13,0,RNO,OAK,180,22,7,0,,0,NA,NA,NA,NA,NA2008,1,7,1,640,640,740,740,WN,3772,N474WN,60,60,35,0,0,RNO,OAK,180,6,19,0,,0,NA,NA,NA,NA,NA2008,1,7,1,1134,1125,1309,1255,WN,530,N615SW,95,90,83,14,9,RNO,PDX,444,2,10,0,,0,NA,NA,NA,NA,NA2008,1,7,1,1957,1955,2129,2125,WN,1511,N601WN,92,90,77,4,2,RNO,PDX,444,4,11,0,,0,NA,NA,NA,NA,NA2008,1,7,1,1547,1545,1712,1715,WN,2360,N370SW,85,90,76,-3,2,RNO,PDX,444,2,7,0,,0,NA,NA,NA,NA,NA2008,1,7,1,636,630,815,800,WN,2902,N398SW,99,90,86,15,6,RNO,PDX,444,4,9,0,,0,6,0,9,0,02008,1,7,1,1723,1720,1954,2000,WN,796,N754SW,91,100,80,-6,3,RNO,PHX,601,5,6,0,,0,NA,NA,NA,NA,NA2008,1,7,1,1314,930,1545,1210,WN,1006,N347SW,91,100,76,215,224,RNO,PHX,601,6,9,0,,0,17,0,0,0,1982008,1,7,1,1222,1135,1459,1415,WN,1231,N797MX,97,100,83,44,47,RNO,PHX,601,7,7,0,,0,16,0,0,0,282008,1,7,1,743,740,900,930,WN,1940,N360SW,77,110,67,-30,3,RNO,SAN,488,3,7,0,,0,NA,NA,NA,NA,NA2008,1,7,1,1603,1600,1716,1750,WN,3513,N256WN,73,110,62,-34,3,RNO,SAN,488,3,8,0,,0,NA,NA,NA,NA,NA2008,1,7,1,700,700,859,850,WN,293,N793SA,119,110,96,9,0,RNO,SEA,564,6,17,0,,0,NA,NA,NA,NA,NA2008,1,7,1,1529,1530,1716,1720,WN,3835,N308SA,107,110,95,-4,-1,RNO,SEA,564,4,8,0,,0,NA,NA,NA,NA,NA2008,1,7,1,2049,2035,2142,2135,WN,298,N789SW,53,60,40,7,14,RNO,SJC,188,6,7,0,,0,NA,NA,NA,NA,NA2008,1,7,1,858,850,947,950,WN,463,N636WN,49,60,39,-3,8,RNO,SJC,188,2,8,0,,0,NA,NA,NA,NA,NA2008,1,7,1,1221,1215,1312,1315,WN,1002,N292WN,51,60,41,-3,6,RNO,SJC,188,3,7,0,,0,NA,NA,NA,NA,NA2008,1,7,1,1755,1710,1846,1810,WN,1276,N725SW,51,60,41,36,45,RNO,SJC,188,3,7,0,,0,10,0,0,0,262008,1,7,1,1254,1240,1514,1500,WN,2969,N631SW,80,80,59,14,14,RNO,SLC,422,3,18,0,,0,NA,NA,NA,NA,NA2008,1,7,1,1823,1825,2030,2045,WN,1830,N236WN,127,140,116,-15,-2,RSW,BWI,919,6,5,0,,0,NA,NA,NA,NA,NA2008,1,7,1,1111,1110,1323,1330,WN,3047,N635SW,132,140,121,-7,1,RSW,BWI,919,3,8,0,,0,NA,NA,NA,NA,NA2008,1,7,1,1907,1910,2137,2150,WN,3485,N777QC,150,160,138,-13,-3,RSW,ISP,1101,4,8,0,,0,NA,NA,NA,NA,NA2008,1,7,1,619,620,658,705,WN,467,N653SW,39,45,25,-7,-1,RSW,MCO,133,6,8,0,,0,NA,NA,NA,NA,NA2008,1,7,1,1429,1430,1515,1520,WN,630,N226WN,46,50,33,-5,-1,RSW,MCO,133,7,6,0,,0,NA,NA,NA,NA,NA2008,1,7,1,1624,1630,1706,1720,WN,1305,N753SW,42,50,28,-14,-6,RSW,MCO,133,5,9,0,,0,NA,NA,NA,NA,NA2008,1,7,1,1021,1025,1102,1115,WN,3754,N481WN,41,50,31,-13,-4,RSW,MCO,133,4,6,0,,0,NA,NA,NA,NA,NA2008,1,7,1,704,705,854,900,WN,902,N480WN,170,175,155,-6,-1,RSW,MDW,1105,5,10,0,,0,NA,NA,NA,NA,NA2008,1,7,1,1946,1945,2206,2140,WN,1169,N621SW,200,175,186,26,1,RSW,MDW,1105,5,9,0,,0,0,0,26,0,02008,1,7,1,1337,1340,1523,1535,WN,3587,N762SW,166,175,150,-12,-3,RSW,MDW,1105,6,10,0,,0,NA,NA,NA,NA,NA2008,1,7,1,1219,1220,1449,1505,WN,3660,N264LV,150,165,139,-16,-1,RSW,PHL,992,4,7,0,,0,NA,NA,NA,NA,NA2008,1,7,1,1418,1345,1657,1625,WN,294,N628SW,99,100,88,32,33,SAN,ABQ,628,4,7,0,,0,9,0,0,0,232008,1,7,1,1926,1930,2159,2210,WN,1255,N326SW,93,100,79,-11,-4,SAN,ABQ,628,4,10,0,,0,NA,NA,NA,NA,NA2008,1,7,1,956,955,1230,1240,WN,1940,N360SW,94,105,77,-10,1,SAN,ABQ,628,5,12,0,,0,NA,NA,NA,NA,NA2008,1,7,1,808,810,1241,1250,WN,297,N238WN,153,160,135,-9,-2,SAN,AUS,1164,5,13,0,,0,NA,NA,NA,NA,NA2008,1,7,1,1531,1525,2001,2005,WN,2529,N279WN,150,160,134,-4,6,SAN,AUS,1164,5,11,0,,0,NA,NA,NA,NA,NA2008,1,7,1,1446,1435,2011,2015,WN,179,N428WN,205,220,194,-4,11,SAN,BNA,1751,4,7,0,,0,NA,NA,NA,NA,NA2008,1,7,1,933,930,1509,1510,WN,764,N202WN,216,220,194,-1,3,SAN,BNA,1751,7,15,0,,0,NA,NA,NA,NA,NA2008,1,7,1,719,715,1445,1505,WN,257,N293,266,290,252,-20,4,SAN,BWI,2295,4,10,0,,0,NA,NA,NA,NA,NA2008,1,7,1,1226,1225,1947,2010,WN,505,N299WN,261,285,250,-23,1,SAN,BWI,2295,3,8,0,,0,NA,NA,NA,NA,NA2008,1,7,1,1342,1305,1613,1545,WN,1156,N338SW,91,100,77,28,37,SAN,ELP,636,3,11,0,,0,28,0,0,0,02008,1,7,1,806,805,1255,1300,WN,588,N423WN,169,175,154,-5,1,SAN,HOU,1312,6,9,0,,0,NA,NA,NA,NA,NA2008,1,7,1,743,735,851,845,WN,71,N304SW,68,70,54,6,8,SAN,LAS,258,3,11,0,,0,NA,NA,NA,NA,NA2008,1,7,1,1517,1520,1625,1630,WN,156,N416WN,68,70,53,-5,-3,SAN,LAS,258,6,9,0,,0,NA,NA,NA,NA,NA2008,1,7,1,922,920,1040,1030,WN,161,N477WN,78,70,58,10,2,SAN,LAS,258,4,16,0,,0,NA,NA,NA,NA,NA2008,1,7,1,1025,1025,1134,1135,WN,213,N665WN,69,70,55,-1,0,SAN,LAS,258,4,10,0,,0,NA,NA,NA,NA,NA2008,1,7,1,638,635,747,750,WN,249,N714CB,69,75,56,-3,3,SAN,LAS,258,4,9,0,,0,NA,NA,NA,NA,NA2008,1,7,1,1728,1725,1839,1835,WN,415,N692SW,71,70,56,4,3,SAN,LAS,258,6,9,0,,0,NA,NA,NA,NA,NA2008,1,7,1,1405,1355,1518,1505,WN,709,N754SW,73,70,54,13,10,SAN,LAS,258,10,9,0,,0,NA,NA,NA,NA,NA2008,1,7,1,1600,1555,1710,1705,WN,719,N738CB,70,70,55,5,5,SAN,LAS,258,7,8,0,,0,NA,NA,NA,NA,NA2008,1,7,1,1802,1800,1908,1910,WN,802,N778SW,66,70,51,-2,2,SAN,LAS,258,3,12,0,,0,NA,NA,NA,NA,NA2008,1,7,1,2028,2030,2138,2140,WN,1341,N414WN,70,70,52,-2,-2,SAN,LAS,258,7,11,0,,0,NA,NA,NA,NA,NA2008,1,7,1,1900,1900,2005,2010,WN,2273,N363SW,65,70,49,-5,0,SAN,LAS,258,6,10,0,,0,NA,NA,NA,NA,NA2008,1,7,1,1637,1640,1750,1750,WN,2450,N233LV,73,70,57,0,-3,SAN,LAS,258,5,11,0,,0,NA,NA,NA,NA,NA2008,1,7,1,2239,2120,2344,2230,WN,2816,N405WN,65,70,52,74,79,SAN,LAS,258,4,9,0,,0,0,0,0,0,742008,1,7,1,1213,1200,1319,1315,WN,3835,N308SA,66,75,53,4,13,SAN,LAS,258,3,10,0,,0,NA,NA,NA,NA,NA2008,1,7,1,914,915,1411,1420,WN,283,N412WN,177,185,158,-9,-1,SAN,MCI,1333,5,14,0,,0,NA,NA,NA,NA,NA2008,1,7,1,1834,1835,2319,2335,WN,318,N466WN,165,180,153,-16,-1,SAN,MCI,1333,5,7,0,,0,NA,NA,NA,NA,NA2008,1,7,1,1032,1030,1601,1620,WN,378,N489WN,209,230,194,-19,2,SAN,MDW,1728,6,9,0,,0,NA,NA,NA,NA,NA2008,1,7,1,655,655,1222,1250,WN,568,N704SW,207,235,193,-28,0,SAN,MDW,1728,5,9,0,,0,NA,NA,NA,NA,NA2008,1,7,1,1854,1855,28,40,WN,3065,N457WN,214,225,202,-12,-1,SAN,MDW,1728,6,6,0,,0,NA,NA,NA,NA,NA2008,1,7,1,1255,1250,NA,1845,WN,3510,N289CT,NA,235,NA,NA,5,SAN,MDW,1728,NA,9,0,,1,NA,NA,NA,NA,NA2008,1,7,1,1606,1610,2153,2200,WN,3662,N710SW,227,230,200,-7,-4,SAN,MDW,1728,19,8,0,,0,NA,NA,NA,NA,NA2008,1,7,1,1330,1330,1500,1455,WN,78,N711HK,90,85,71,5,0,SAN,OAK,446,6,13,0,,0,NA,NA,NA,NA,NA2008,1,7,1,1132,1120,1259,1250,WN,493,N444WN,87,90,71,9,12,SAN,OAK,446,4,12,0,,0,NA,NA,NA,NA,NA2008,1,7,1,1932,1925,2057,2055,WN,644,N902WN,85,90,71,2,7,SAN,OAK,446,6,8,0,,0,NA,NA,NA,NA,NA2008,1,7,1,1718,1705,1847,1835,WN,687,N623SW,89,90,72,12,13,SAN,OAK,446,5,12,0,,0,NA,NA,NA,NA,NA2008,1,7,1,905,815,1041,945,WN,783,N337SW,96,90,74,56,50,SAN,OAK,446,4,18,0,,0,0,0,6,0,502008,1,7,1,1954,1955,2114,2125,WN,809,N764SW,80,90,69,-11,-1,SAN,OAK,446,5,6,0,,0,NA,NA,NA,NA,NA2008,1,7,1,1505,1505,1640,1630,WN,1071,N356SW,95,85,73,10,0,SAN,OAK,446,13,9,0,,0,NA,NA,NA,NA,NA2008,1,7,1,1429,1430,1556,1555,WN,1112,N239WN,87,85,70,1,-1,SAN,OAK,446,5,12,0,,0,NA,NA,NA,NA,NA2008,1,7,1,631,630,808,805,WN,1163,N309SW,97,95,77,3,1,SAN,OAK,446,7,13,0,,0,NA,NA,NA,NA,NA2008,1,7,1,2029,2030,2200,2200,WN,1172,N439WN,91,90,70,0,-1,SAN,OAK,446,7,14,0,,0,NA,NA,NA,NA,NA2008,1,7,1,1536,1540,1703,1705,WN,1179,N315SW,87,85,69,-2,-4,SAN,OAK,446,6,12,0,,0,NA,NA,NA,NA,NA2008,1,7,1,1441,1255,1607,1425,WN,1314,N750SA,86,90,72,102,106,SAN,OAK,446,5,9,0,,0,0,0,5,0,972008,1,7,1,925,925,1103,1055,WN,1599,N274WN,98,90,74,8,0,SAN,OAK,446,6,18,0,,0,NA,NA,NA,NA,NA2008,1,7,1,1734,1740,1859,1910,WN,2612,N228WN,85,90,72,-11,-6,SAN,OAK,446,6,7,0,,0,NA,NA,NA,NA,NA2008,1,7,1,1803,1810,1938,1940,WN,2971,N239WN,95,90,68,-2,-7,SAN,OAK,446,18,9,0,,0,NA,NA,NA,NA,NA2008,1,7,1,1103,1050,1229,1220,WN,3502,N333SW,86,90,73,9,13,SAN,OAK,446,6,7,0,,0,NA,NA,NA,NA,NA2008,1,7,1,901,845,1031,1015,WN,3503,N686SW,90,90,74,16,16,SAN,OAK,446,4,12,0,,0,12,0,0,0,42008,1,7,1,NA,1200,NA,1330,WN,3679,,NA,90,NA,NA,NA,SAN,OAK,446,NA,NA,1,C,0,NA,NA,NA,NA,NA2008,1,7,1,2000,1945,2158,2155,WN,114,N365SW,58,70,48,3,15,SAN,PHX,304,3,7,0,,0,NA,NA,NA,NA,NA2008,1,7,1,1253,1235,1523,1445,WN,316,N247WN,90,70,51,38,18,SAN,PHX,304,5,34,0,,0,0,0,20,0,182008,1,7,1,643,640,855,850,WN,327,N607SW,72,70,55,5,3,SAN,PHX,304,9,8,0,,0,NA,NA,NA,NA,NA2008,1,7,1,1021,1005,1251,1215,WN,342,N488WN,90,70,71,36,16,SAN,PHX,304,8,11,0,,0,0,0,36,0,02008,1,7,1,1628,1610,1838,1820,WN,410,N470WN,70,70,52,18,18,SAN,PHX,304,4,14,0,,0,0,0,0,0,182008,1,7,1,823,820,1101,1030,WN,414,N656SW,98,70,80,31,3,SAN,PHX,304,9,9,0,,0,0,0,31,0,02008,1,7,1,708,710,938,915,WN,496,N771SA,90,65,68,23,-2,SAN,PHX,304,8,14,0,,0,0,0,23,0,02008,1,7,1,2138,2140,2344,2345,WN,943,N334SW,66,65,51,-1,-2,SAN,PHX,304,4,11,0,,0,NA,NA,NA,NA,NA2008,1,7,1,1200,1145,1435,1355,WN,1022,N673AA,95,70,76,40,15,SAN,PHX,304,5,14,0,,0,15,0,25,0,02008,1,7,1,1415,1415,1629,1625,WN,1684,N275WN,74,70,62,4,0,SAN,PHX,304,2,10,0,,0,NA,NA,NA,NA,NA2008,1,7,1,2048,2050,2251,2255,WN,2092,N690SW,63,65,50,-4,-2,SAN,PHX,304,4,9,0,,0,NA,NA,NA,NA,NA2008,1,7,1,1824,1720,2031,1935,WN,2268,N637SW,67,75,48,56,64,SAN,PHX,304,6,13,0,,0,0,0,0,0,562008,1,7,1,1100,1105,1340,1315,WN,2703,N775SW,100,70,88,25,-5,SAN,PHX,304,5,7,0,,0,0,0,25,0,02008,1,7,1,1757,1800,2002,2010,WN,3669,N312SW,65,70,50,-8,-3,SAN,PHX,304,6,9,0,,0,NA,NA,NA,NA,NA2008,1,7,1,941,925,1111,1105,WN,530,N615SW,90,100,79,6,16,SAN,RNO,488,4,7,0,,0,NA,NA,NA,NA,NA2008,1,7,1,1808,1755,1935,1935,WN,1511,N601WN,87,100,75,0,13,SAN,RNO,488,4,8,0,,0,NA,NA,NA,NA,NA2008,1,7,1,1102,1105,1521,1540,WN,832,N205WN,139,155,128,-19,-3,SAN,SAT,1129,3,8,0,,0,NA,NA,NA,NA,NA2008,1,7,1,1545,1440,1710,1620,WN,123,N756SA,85,100,70,50,65,SAN,SFO,447,9,6,0,,0,0,0,0,0,502008,1,7,1,2131,2110,2253,2250,WN,381,N628SW,82,100,67,3,21,SAN,SFO,447,8,7,0,,0,NA,NA,NA,NA,NA2008,1,7,1,1715,1720,1839,1900,WN,458,N735SA,84,100,70,-21,-5,SAN,SFO,447,7,7,0,,0,NA,NA,NA,NA,NA2008,1,7,1,1309,1230,1437,1410,WN,585,N291WN,88,100,72,27,39,SAN,SFO,447,5,11,0,,0,1,0,0,0,262008,1,7,1,1015,1015,1141,1155,WN,1597,N275WN,86,100,72,-14,0,SAN,SFO,447,5,9,0,,0,NA,NA,NA,NA,NA2008,1,7,1,920,835,1056,1015,WN,1855,N314SW,96,100,76,41,45,SAN,SFO,447,4,16,0,,0,0,0,41,0,02008,1,7,1,639,640,807,820,WN,3077,N296WN,88,100,74,-13,-1,SAN,SFO,447,4,10,0,,0,NA,NA,NA,NA,NA2008,1,7,1,1909,1910,2033,2050,WN,3839,N405WN,84,100,70,-17,-1,SAN,SFO,447,4,10,0,,0,NA,NA,NA,NA,NA2008,1,7,1,951,950,1110,1110,WN,67,N718SW,79,80,68,0,1,SAN,SJC,417,2,9,0,,0,NA,NA,NA,NA,NA2008,1,7,1,740,740,904,900,WN,324,N715SW,84,80,70,4,0,SAN,SJC,417,4,10,0,,0,NA,NA,NA,NA,NA2008,1,7,1,1431,1430,1557,1550,WN,392,N314SW,86,80,67,7,1,SAN,SJC,417,3,16,0,,0,NA,NA,NA,NA,NA2008,1,7,1,1113,1110,1233,1235,WN,635,N764SW,80,85,68,-2,3,SAN,SJC,417,5,7,0,,0,NA,NA,NA,NA,NA2008,1,7,1,1727,1730,1844,1850,WN,1188,N450WN,77,80,66,-6,-3,SAN,SJC,417,2,9,0,,0,NA,NA,NA,NA,NA2008,1,7,1,2028,1855,2148,2015,WN,1209,N301SW,80,80,66,93,93,SAN,SJC,417,2,12,0,,0,0,0,0,0,932008,1,7,1,2104,2105,2221,2225,WN,1482,N344SW,77,80,65,-4,-1,SAN,SJC,417,4,8,0,,0,NA,NA,NA,NA,NA2008,1,7,1,1649,1650,1808,1810,WN,1600,N347SW,79,80,67,-2,-1,SAN,SJC,417,3,9,0,,0,NA,NA,NA,NA,NA2008,1,7,1,1306,1305,1429,1425,WN,2965,N305SW,83,80,65,4,1,SAN,SJC,417,3,15,0,,0,NA,NA,NA,NA,NA2008,1,7,1,646,645,815,810,WN,3338,N435WN,89,85,75,5,1,SAN,SJC,417,3,11,0,,0,NA,NA,NA,NA,NA2008,1,7,1,805,800,938,935,WN,66,N658SW,93,95,80,3,5,SAN,SMF,480,4,9,0,,0,NA,NA,NA,NA,NA2008,1,7,1,1234,1230,1411,1405,WN,72,N686SW,97,95,78,6,4,SAN,SMF,480,4,15,0,,0,NA,NA,NA,NA,NA2008,1,7,1,1341,1340,1522,1515,WN,137,N692SW,101,95,77,7,1,SAN,SMF,480,5,19,0,,0,NA,NA,NA,NA,NA2008,1,7,1,1707,1710,1833,1840,WN,176,N487WN,86,90,75,-7,-3,SAN,SMF,480,3,8,0,,0,NA,NA,NA,NA,NA2008,1,7,1,1623,1530,1756,1700,WN,299,N272WN,93,90,78,56,53,SAN,SMF,480,5,10,0,,0,8,0,3,0,452008,1,7,1,NA,1620,NA,1750,WN,372,,NA,90,NA,NA,NA,SAN,SMF,480,NA,NA,1,A,0,NA,NA,NA,NA,NA2008,1,7,1,1947,1930,2119,2105,WN,574,N661SW,92,95,81,14,17,SAN,SMF,480,4,7,0,,0,NA,NA,NA,NA,NA2008,1,7,1,1141,1115,1311,1250,WN,1010,N761RR,90,95,79,21,26,SAN,SMF,480,3,8,0,,0,0,0,0,0,212008,1,7,1,NA,915,NA,1050,WN,1069,,NA,95,NA,NA,NA,SAN,SMF,480,NA,NA,1,A,0,NA,NA,NA,NA,NA2008,1,7,1,2156,2150,2322,2320,WN,1320,N282WN,86,90,72,2,6,SAN,SMF,480,4,10,0,,0,NA,NA,NA,NA,NA2008,1,7,1,627,630,807,810,WN,1859,N689SW,100,100,85,-3,-3,SAN,SMF,480,4,11,0,,0,NA,NA,NA,NA,NA2008,1,7,1,1001,1000,1140,1135,WN,2298,N678AA,99,95,83,5,1,SAN,SMF,480,4,12,0,,0,NA,NA,NA,NA,NA2008,1,7,1,1817,1815,1949,1950,WN,3600,N256WN,92,95,77,-1,2,SAN,SMF,480,4,11,0,,0,NA,NA,NA,NA,NA2008,1,7,1,2046,2045,2216,2220,WN,3673,N655WN,90,95,77,-4,1,SAN,SMF,480,6,7,0,,0,NA,NA,NA,NA,NA2008,1,7,1,1205,1210,1411,1420,WN,98,N315SW,66,70,51,-9,-5,SAN,TUS,367,5,10,0,,0,NA,NA,NA,NA,NA2008,1,7,1,2106,2110,2310,2320,WN,532,N450WN,64,70,51,-10,-4,SAN,TUS,367,4,9,0,,0,NA,NA,NA,NA,NA2008,1,7,1,1531,1505,1734,1715,WN,580,N627SW,63,70,51,19,26,SAN,TUS,367,4,8,0,,0,3,0,0,0,162008,1,7,1,811,810,1015,1020,WN,2992,N444WN,64,70,49,-5,1,SAN,TUS,367,3,12,0,,0,NA,NA,NA,NA,NA2008,1,7,1,1534,1540,1728,1745,WN,2113,N659SW,114,125,97,-17,-6,SAT,BNA,822,4,13,0,,0,NA,NA,NA,NA,NA2008,1,7,1,701,700,904,905,WN,3599,N660SW,123,125,104,-1,1,SAT,BNA,822,4,15,0,,0,NA,NA,NA,NA,NA2008,1,7,1,710,715,1111,1120,WN,903,N701GS,181,185,160,-9,-5,SAT,BWI,1407,9,12,0,,0,NA,NA,NA,NA,NA2008,1,7,1,1437,1435,1832,1840,WN,3419,N734SA,175,185,157,-8,2,SAT,BWI,1407,4,14,0,,0,NA,NA,NA,NA,NA2008,1,7,1,1948,1945,2050,2040,WN,120,N645SW,62,55,48,10,3,SAT,DAL,248,5,9,0,,0,NA,NA,NA,NA,NA2008,1,7,1,858,900,959,955,WN,130,N326SW,61,55,47,4,-2,SAT,DAL,248,5,9,0,,0,NA,NA,NA,NA,NA2008,1,7,1,1005,1010,1102,1105,WN,146,N505SW,57,55,46,-3,-5,SAT,DAL,248,3,8,0,,0,NA,NA,NA,NA,NA2008,1,7,1,1850,1855,1950,1950,WN,572,N741SA,60,55,45,0,-5,SAT,DAL,248,4,11,0,,0,NA,NA,NA,NA,NA2008,1,7,1,1054,1100,1145,1155,WN,1170,N313SW,51,55,41,-10,-6,SAT,DAL,248,2,8,0,,0,NA,NA,NA,NA,NA2008,1,7,1,745,740,833,835,WN,1487,N324SW,48,55,38,-2,5,SAT,DAL,248,3,7,0,,0,NA,NA,NA,NA,NA2008,1,7,1,2052,2045,2153,2140,WN,2023,N650SW,61,55,46,13,7,SAT,DAL,248,3,12,0,,0,NA,NA,NA,NA,NA2008,1,7,1,1744,1740,1846,1835,WN,2027,N360SW,62,55,46,11,4,SAT,DAL,248,8,8,0,,0,NA,NA,NA,NA,NA2008,1,7,1,1421,1425,1513,1520,WN,2353,N674AA,52,55,40,-7,-4,SAT,DAL,248,4,8,0,,0,NA,NA,NA,NA,NA2008,1,7,1,1705,1710,1756,1805,WN,2624,N374SW,51,55,39,-9,-5,SAT,DAL,248,3,9,0,,0,NA,NA,NA,NA,NA2008,1,7,1,1243,1245,1336,1340,WN,2906,N400WN,53,55,38,-4,-2,SAT,DAL,248,5,10,0,,0,NA,NA,NA,NA,NA2008,1,7,1,1550,1535,1648,1630,WN,3168,N503SW,58,55,45,18,15,SAT,DAL,248,4,9,0,,0,0,0,3,0,152008,1,7,1,1355,1355,1449,1450,WN,3508,N520SW,54,55,45,-1,0,SAT,DAL,248,2,7,0,,0,NA,NA,NA,NA,NA2008,1,7,1,1139,1140,1236,1235,WN,3924,N512SW,57,55,46,1,-1,SAT,DAL,248,3,8,0,,0,NA,NA,NA,NA,NA2008,1,7,1,654,655,753,750,WN,3947,N645SW,59,55,47,3,-1,SAT,DAL,248,3,9,0,,0,NA,NA,NA,NA,NA2008,1,7,1,2026,2025,2053,2055,WN,186,N440LV,87,90,78,-2,1,SAT,ELP,496,2,7,0,,0,NA,NA,NA,NA,NA2008,1,7,1,1125,1110,1157,1140,WN,511,N752SW,92,90,78,17,15,SAT,ELP,496,3,11,0,,0,0,0,2,0,152008,1,7,1,1730,1735,1806,1805,WN,1414,N460WN,96,90,79,1,-5,SAT,ELP,496,6,11,0,,0,NA,NA,NA,NA,NA2008,1,7,1,731,735,800,805,WN,2969,N631SW,89,90,79,-5,-4,SAT,ELP,496,2,8,0,,0,NA,NA,NA,NA,NA2008,1,7,1,916,910,1008,955,WN,326,N630WN,52,45,40,13,6,SAT,HOU,192,3,9,0,,0,NA,NA,NA,NA,NA2008,1,7,1,627,630,720,715,WN,476,N768SW,53,45,38,5,-3,SAT,HOU,192,4,11,0,,0,NA,NA,NA,NA,NA2008,1,7,1,955,1000,1050,1045,WN,713,N399WN,55,45,44,5,-5,SAT,HOU,192,3,8,0,,0,NA,NA,NA,NA,NA2008,1,7,1,1356,1400,1445,1450,WN,714,N708SA,49,50,37,-5,-4,SAT,HOU,192,4,8,0,,0,NA,NA,NA,NA,NA2008,1,7,1,1943,1935,2031,2020,WN,2015,N458WN,48,45,35,11,8,SAT,HOU,192,4,9,0,,0,NA,NA,NA,NA,NA2008,1,7,1,NA,1620,NA,1710,WN,2174,,NA,50,NA,NA,NA,SAT,HOU,192,NA,NA,1,A,0,NA,NA,NA,NA,NA2008,1,7,1,1145,1145,1238,1235,WN,2176,N525SW,53,50,42,3,0,SAT,HOU,192,3,8,0,,0,NA,NA,NA,NA,NA2008,1,7,1,1829,1835,1933,1925,WN,3408,N469WN,64,50,45,8,-6,SAT,HOU,192,5,14,0,,0,NA,NA,NA,NA,NA2008,1,7,1,825,830,915,920,WN,617,N313SW,50,50,39,-5,-5,SAT,HRL,233,2,9,0,,0,NA,NA,NA,NA,NA2008,1,7,1,1825,1830,1917,1920,WN,1936,N650SW,52,50,39,-3,-5,SAT,HRL,233,2,11,0,,0,NA,NA,NA,NA,NA2008,1,7,1,640,640,731,740,WN,711,N274WN,171,180,157,-9,0,SAT,LAS,1069,5,9,0,,0,NA,NA,NA,NA,NA2008,1,7,1,1919,1925,2013,2020,WN,1166,N410WN,174,175,159,-7,-6,SAT,LAS,1069,5,10,0,,0,NA,NA,NA,NA,NA2008,1,7,1,1516,1520,1609,1620,WN,2101,N222WN,173,180,160,-11,-4,SAT,LAS,1069,5,8,0,,0,NA,NA,NA,NA,NA2008,1,7,1,1036,1040,1127,1140,WN,3575,N710SW,171,180,162,-13,-4,SAT,LAS,1069,3,6,0,,0,NA,NA,NA,NA,NA2008,1,7,1,1249,1245,1416,1405,WN,1609,N610WN,207,200,191,11,4,SAT,LAX,1210,7,9,0,,0,NA,NA,NA,NA,NA2008,1,7,1,1007,1015,1339,1345,WN,348,N634SW,152,150,137,-6,-8,SAT,MCO,1040,7,8,0,,0,NA,NA,NA,NA,NA2008,1,7,1,1600,1605,1925,1935,WN,832,N205WN,145,150,127,-10,-5,SAT,MCO,1040,7,11,0,,0,NA,NA,NA,NA,NA2008,1,7,1,1810,1720,2115,1950,WN,116,N617SW,185,150,140,85,50,SAT,MDW,1036,33,12,0,,0,9,0,35,0,412008,1,7,1,659,700,917,930,WN,555,N527SW,138,150,123,-13,-1,SAT,MDW,1036,4,11,0,,0,NA,NA,NA,NA,NA2008,1,7,1,832,835,1006,1000,WN,207,N628SW,154,145,142,6,-3,SAT,PHX,843,5,7,0,,0,NA,NA,NA,NA,NA2008,1,7,1,1930,1935,2100,2100,WN,998,N353SW,150,145,134,0,-5,SAT,PHX,843,7,9,0,,0,NA,NA,NA,NA,NA2008,1,7,1,1646,1650,1816,1820,WN,1679,N369SW,150,150,134,-4,-4,SAT,PHX,843,8,8,0,,0,NA,NA,NA,NA,NA2008,1,7,1,1125,1125,1314,1255,WN,3767,N617SW,169,150,155,19,0,SAT,PHX,843,5,9,0,,0,0,0,19,0,02008,1,7,1,1255,1300,1357,1400,WN,1112,N239WN,182,180,169,-3,-5,SAT,SAN,1129,2,11,0,,0,NA,NA,NA,NA,NA2008,1,7,1,1235,1235,1547,1555,WN,327,N607SW,132,140,120,-8,0,SAT,TPA,972,5,7,0,,0,NA,NA,NA,NA,NA2008,1,7,1,959,1000,1005,1010,WN,63,N708SA,66,70,55,-5,-1,SDF,BHM,323,4,7,0,,0,NA,NA,NA,NA,NA2008,1,7,1,1620,1620,1629,1630,WN,823,N484WN,69,70,55,-1,0,SDF,BHM,323,3,11,0,,0,NA,NA,NA,NA,NA2008,1,7,1,2137,2020,2252,2145,WN,693,N478WN,75,85,66,67,77,SDF,BWI,495,3,6,0,,0,0,0,0,0,672008,1,7,1,1821,1825,1938,1950,WN,794,N630WN,77,85,67,-12,-4,SDF,BWI,495,4,6,0,,0,NA,NA,NA,NA,NA2008,1,7,1,648,650,804,815,WN,1773,N217JC,76,85,66,-11,-2,SDF,BWI,495,2,8,0,,0,NA,NA,NA,NA,NA2008,1,7,1,1325,1325,1443,1450,WN,2019,N604SW,78,85,69,-7,0,SDF,BWI,495,3,6,0,,0,NA,NA,NA,NA,NA2008,1,7,1,1110,1110,1228,1235,WN,2727,N221WN,78,85,69,-7,0,SDF,BWI,495,2,7,0,,0,NA,NA,NA,NA,NA2008,1,7,1,1603,1605,1724,1725,WN,2730,N207WN,261,260,238,-1,-2,SDF,LAS,1624,6,17,0,,0,NA,NA,NA,NA,NA2008,1,7,1,850,850,1051,1055,WN,247,N353SW,121,125,100,-4,0,SDF,MCO,718,12,9,0,,0,NA,NA,NA,NA,NA2008,1,7,1,1956,1730,2148,1935,WN,2808,N388SW,112,125,98,133,146,SDF,MCO,718,7,7,0,,0,2,0,0,0,1312008,1,7,1,2202,2110,2304,2115,WN,342,N488WN,122,65,91,109,52,SDF,MDW,271,8,23,0,,0,0,0,94,0,152008,1,7,1,1732,1700,1800,1705,WN,718,N263WN,88,65,49,55,32,SDF,MDW,271,29,10,0,,0,0,0,23,0,322008,1,7,1,1142,1145,1142,1150,WN,806,N456WN,60,65,49,-8,-3,SDF,MDW,271,4,7,0,,0,NA,NA,NA,NA,NA2008,1,7,1,1348,1350,1352,1355,WN,1188,N450WN,64,65,49,-3,-2,SDF,MDW,271,6,9,0,,0,NA,NA,NA,NA,NA2008,1,7,1,740,745,752,755,WN,2295,N795SW,72,70,61,-3,-5,SDF,MDW,271,4,7,0,,0,NA,NA,NA,NA,NA2008,1,7,1,841,840,1118,1045,WN,876,N443WN,277,245,263,33,1,SDF,PHX,1506,7,7,0,,0,0,0,33,0,02008,1,7,1,1224,1220,1229,1225,WN,187,N395SW,65,65,52,4,4,SDF,STL,254,4,9,0,,0,NA,NA,NA,NA,NA2008,1,7,1,1652,1655,1659,1700,WN,977,N310SW,67,65,53,-1,-3,SDF,STL,254,3,11,0,,0,NA,NA,NA,NA,NA2008,1,7,1,617,620,618,625,WN,2121,N386SW,61,65,50,-7,-3,SDF,STL,254,5,6,0,,0,NA,NA,NA,NA,NA2008,1,7,1,1405,1410,1558,1615,WN,87,N642WN,113,125,104,-17,-5,SDF,TPA,727,4,5,0,,0,NA,NA,NA,NA,NA2008,1,7,1,635,640,832,845,WN,2469,N334SW,117,125,105,-13,-5,SDF,TPA,727,5,7,0,,0,NA,NA,NA,NA,NA2008,1,7,1,739,720,1115,1105,WN,438,N629SW,156,165,137,10,19,SEA,ABQ,1180,6,13,0,,0,NA,NA,NA,NA,NA2008,1,7,1,1416,1405,1746,1750,WN,972,N367SW,150,165,130,-4,11,SEA,ABQ,1180,6,14,0,,0,NA,NA,NA,NA,NA2008,1,7,1,1143,1135,1743,1745,WN,959,N276WN,240,250,224,-2,8,SEA,BNA,1977,5,11,0,,0,NA,NA,NA,NA,NA2008,1,7,1,1304,1255,1518,1510,WN,318,N466WN,74,75,51,8,9,SEA,BOI,399,13,10,0,,0,NA,NA,NA,NA,NA2008,1,7,1,2015,1950,2219,2205,WN,336,N619SW,64,75,51,14,25,SEA,BOI,399,3,10,0,,0,NA,NA,NA,NA,NA2008,1,7,1,728,720,934,935,WN,781,N612SW,66,75,51,-1,8,SEA,BOI,399,5,10,0,,0,NA,NA,NA,NA,NA2008,1,7,1,723,710,1044,1045,WN,515,N901WN,141,155,121,-1,13,SEA,DEN,1024,8,12,0,,0,NA,NA,NA,NA,NA2008,1,7,1,2000,1925,2322,2300,WN,1158,N356SW,142,155,121,22,35,SEA,DEN,1024,6,15,0,,0,0,0,0,0,222008,1,7,1,1532,1425,1858,1800,WN,1568,N463WN,146,155,129,58,67,SEA,DEN,1024,6,11,0,,0,0,0,0,0,582008,1,7,1,948,945,1308,1320,WN,1856,N783SW,140,155,124,-12,3,SEA,DEN,1024,6,10,0,,0,NA,NA,NA,NA,NA2008,1,7,1,1231,1215,1331,1310,WN,337,N268WN,60,55,37,21,16,SEA,GEG,224,4,19,0,,0,1,0,5,0,152008,1,7,1,2013,2010,2105,2105,WN,775,N686SW,52,55,38,0,3,SEA,GEG,224,3,11,0,,0,NA,NA,NA,NA,NA2008,1,7,1,1642,1640,1734,1735,WN,1682,N270WN,52,55,38,-1,2,SEA,GEG,224,4,10,0,,0,NA,NA,NA,NA,NA2008,1,7,1,853,850,951,945,WN,2471,N335SW,58,55,36,6,3,SEA,GEG,224,4,18,0,,0,NA,NA,NA,NA,NA2008,1,7,1,1447,1445,1705,1710,WN,559,N509SW,138,145,113,-5,2,SEA,LAS,866,13,12,0,,0,NA,NA,NA,NA,NA2008,1,7,1,1835,1840,2042,2105,WN,2211,N397SW,127,145,107,-23,-5,SEA,LAS,866,4,16,0,,0,NA,NA,NA,NA,NA2008,1,7,1,1127,1125,1337,1350,WN,2357,N738CB,130,145,107,-13,2,SEA,LAS,866,13,10,0,,0,NA,NA,NA,NA,NA2008,1,7,1,619,610,818,835,WN,3948,N311SW,119,145,102,-17,9,SEA,LAS,866,4,13,0,,0,NA,NA,NA,NA,NA2008,1,7,1,1310,1300,1818,1825,WN,730,N784SW,188,205,174,-7,10,SEA,MCI,1489,6,8,0,,0,NA,NA,NA,NA,NA2008,1,7,1,655,635,1242,1230,WN,208,N900WN,227,235,209,12,20,SEA,MDW,1733,5,13,0,,0,NA,NA,NA,NA,NA2008,1,7,1,1347,1345,1931,1935,WN,1189,N212WN,224,230,205,-4,2,SEA,MDW,1733,7,12,0,,0,NA,NA,NA,NA,NA2008,1,7,1,1051,1055,1636,1645,WN,2789,N774SW,225,230,208,-9,-4,SEA,MDW,1733,3,14,0,,0,NA,NA,NA,NA,NA2008,1,7,1,849,845,1043,1050,WN,111,N328SW,114,125,96,-7,4,SEA,OAK,671,4,14,0,,0,NA,NA,NA,NA,NA2008,1,7,1,1733,1730,1924,1935,WN,252,N305SW,111,125,94,-11,3,SEA,OAK,671,6,11,0,,0,NA,NA,NA,NA,NA2008,1,7,1,1234,1210,1428,1415,WN,481,N439WN,114,125,89,13,24,SEA,OAK,671,6,19,0,,0,NA,NA,NA,NA,NA2008,1,7,1,1050,1020,1243,1225,WN,898,N368SW,113,125,95,18,30,SEA,OAK,671,4,14,0,,0,7,0,0,0,112008,1,7,1,623,615,808,820,WN,991,N407WN,105,125,89,-12,8,SEA,OAK,671,5,11,0,,0,NA,NA,NA,NA,NA2008,1,7,1,2108,2100,2300,2305,WN,1687,N347SW,112,125,98,-5,8,SEA,OAK,671,5,9,0,,0,NA,NA,NA,NA,NA2008,1,7,1,1558,1540,1749,1745,WN,3402,N761RR,111,125,96,4,18,SEA,OAK,671,5,10,0,,0,NA,NA,NA,NA,NA2008,1,7,1,1827,1825,2016,2030,WN,3589,N333SW,109,125,94,-14,2,SEA,OAK,671,5,10,0,,0,NA,NA,NA,NA,NA2008,1,7,1,651,645,1047,1035,WN,154,N747SA,176,170,159,12,6,SEA,PHX,1107,7,10,0,,0,NA,NA,NA,NA,NA2008,1,7,1,1740,1745,2126,2130,WN,408,N308SA,166,165,134,-4,-5,SEA,PHX,1107,7,25,0,,0,NA,NA,NA,NA,NA2008,1,7,1,1038,1030,1434,1420,WN,2374,N323SW,176,170,159,14,8,SEA,PHX,1107,6,11,0,,0,NA,NA,NA,NA,NA2008,1,7,1,917,915,1039,1050,WN,380,N793SA,82,95,64,-11,2,SEA,RNO,564,6,12,0,,0,NA,NA,NA,NA,NA2008,1,7,1,1952,1955,2115,2135,WN,1017,N406WN,83,100,69,-20,-3,SEA,RNO,564,4,10,0,,0,NA,NA,NA,NA,NA2008,1,7,1,750,750,936,1000,WN,98,N315SW,106,130,94,-24,0,SEA,SJC,697,2,10,0,,0,NA,NA,NA,NA,NA2008,1,7,1,1917,1850,2112,2055,WN,390,N673AA,115,125,102,17,27,SEA,SJC,697,3,10,0,,0,0,0,0,0,172008,1,7,1,1529,1530,1716,1740,WN,722,N764SW,107,130,94,-24,-1,SEA,SJC,697,3,10,0,,0,NA,NA,NA,NA,NA2008,1,7,1,1002,1005,1154,1215,WN,1322,N626SW,112,130,98,-21,-3,SEA,SJC,697,3,11,0,,0,NA,NA,NA,NA,NA2008,1,7,1,810,810,1107,1105,WN,70,N788SA,117,115,84,2,0,SEA,SLC,689,22,11,0,,0,NA,NA,NA,NA,NA2008,1,7,1,1441,1400,1724,1655,WN,1214,N482WN,103,115,86,29,41,SEA,SLC,689,4,13,0,,0,0,0,0,0,292008,1,7,1,1848,1820,2138,2110,WN,1747,N640SW,110,110,88,28,28,SEA,SLC,689,4,18,0,,0,0,0,0,0,282008,1,7,1,1304,1100,1452,1245,WN,73,N336SW,108,105,76,127,124,SEA,SMF,605,4,28,0,,0,2,0,3,0,1222008,1,7,1,1459,1500,1627,1645,WN,151,N457WN,88,105,71,-18,-1,SEA,SMF,605,4,13,0,,0,NA,NA,NA,NA,NA2008,1,7,1,702,700,833,845,WN,474,N251WN,91,105,71,-12,2,SEA,SMF,605,4,16,0,,0,NA,NA,NA,NA,NA2008,1,7,1,1723,1710,1859,1855,WN,1395,N344SW,96,105,81,4,13,SEA,SMF,605,5,10,0,,0,NA,NA,NA,NA,NA2008,1,7,1,1922,1925,2056,2110,WN,2467,N203WN,94,105,76,-14,-3,SEA,SMF,605,4,14,0,,0,NA,NA,NA,NA,NA2008,1,7,1,1927,1925,2037,2055,WN,632,N735SA,70,90,60,-18,2,SFO,LAS,414,4,6,0,,0,NA,NA,NA,NA,NA2008,1,7,1,631,630,752,800,WN,643,N784SW,81,90,61,-8,1,SFO,LAS,414,7,13,0,,0,NA,NA,NA,NA,NA2008,1,7,1,1228,1110,1351,1240,WN,706,N304SW,83,90,65,71,78,SFO,LAS,414,5,13,0,,0,5,0,0,0,662008,1,7,1,1509,1440,1626,1610,WN,1018,N291WN,77,90,62,16,29,SFO,LAS,414,5,10,0,,0,1,0,0,0,152008,1,7,1,847,845,1021,1015,WN,1285,N296WN,94,90,66,6,2,SFO,LAS,414,3,25,0,,0,NA,NA,NA,NA,NA2008,1,7,1,1617,1620,1735,1750,WN,1924,N704SW,78,90,65,-15,-3,SFO,LAS,414,3,10,0,,0,NA,NA,NA,NA,NA2008,1,7,1,2129,2105,2243,2235,WN,2875,N307SW,74,90,58,8,24,SFO,LAS,414,6,10,0,,0,NA,NA,NA,NA,NA2008,1,7,1,1800,1805,1910,1930,WN,442,N720WN,70,85,49,-20,-5,SFO,LAX,337,7,14,0,,0,NA,NA,NA,NA,NA2008,1,7,1,914,905,1036,1025,WN,475,N796SW,82,80,53,11,9,SFO,LAX,337,10,19,0,,0,NA,NA,NA,NA,NA2008,1,7,1,NA,1050,NA,1220,WN,553,,NA,90,NA,NA,NA,SFO,LAX,337,NA,NA,1,C,0,NA,NA,NA,NA,NA2008,1,7,1,1652,1615,1758,1740,WN,578,N796SW,66,85,51,18,37,SFO,LAX,337,7,8,0,,0,0,0,0,0,182008,1,7,1,1300,1235,1420,1405,WN,750,N796SW,80,90,55,15,25,SFO,LAX,337,4,21,0,,0,0,0,0,0,152008,1,7,1,1949,1955,2058,2120,WN,777,N796SW,69,85,48,-22,-6,SFO,LAX,337,7,14,0,,0,NA,NA,NA,NA,NA2008,1,7,1,705,710,829,840,WN,797,N720WN,84,90,50,-11,-5,SFO,LAX,337,13,21,0,,0,NA,NA,NA,NA,NA2008,1,7,1,1425,1430,1541,1555,WN,801,N720WN,76,85,53,-14,-5,SFO,LAX,337,10,13,0,,0,NA,NA,NA,NA,NA2008,1,7,1,1315,1310,1913,1920,WN,106,N210WN,238,250,208,-7,5,SFO,MDW,1855,4,26,0,,0,NA,NA,NA,NA,NA2008,1,7,1,1724,1650,2323,2300,WN,210,N756SA,239,250,214,23,34,SFO,MDW,1855,14,11,0,,0,0,0,0,0,232008,1,7,1,702,705,1244,1315,WN,477,N730SW,222,250,210,-31,-3,SFO,MDW,1855,5,7,0,,0,NA,NA,NA,NA,NA2008,1,7,1,1113,1040,1238,1210,WN,316,N314SW,85,90,69,28,33,SFO,SAN,447,4,12,0,,0,0,0,0,0,282008,1,7,1,803,805,922,935,WN,342,N488WN,79,90,66,-13,-2,SFO,SAN,447,3,10,0,,0,NA,NA,NA,NA,NA2008,1,7,1,634,620,751,750,WN,414,N656SW,77,90,60,1,14,SFO,SAN,447,3,14,0,,0,NA,NA,NA,NA,NA2008,1,7,1,1217,1220,1339,1350,WN,1684,N275WN,82,90,71,-11,-3,SFO,SAN,447,2,9,0,,0,NA,NA,NA,NA,NA2008,1,7,1,1856,1900,2019,2030,WN,2092,N690SW,83,90,67,-11,-4,SFO,SAN,447,2,14,0,,0,NA,NA,NA,NA,NA2008,1,7,1,1417,1415,1538,1545,WN,3662,N710SW,81,90,68,-7,2,SFO,SAN,447,4,9,0,,0,NA,NA,NA,NA,NA2008,1,7,1,1601,1600,1722,1730,WN,3669,N312SW,81,90,63,-8,1,SFO,SAN,447,4,14,0,,0,NA,NA,NA,NA,NA2008,1,7,1,2111,2115,2225,2245,WN,3926,N405WN,74,90,62,-20,-4,SFO,SAN,447,2,10,0,,0,NA,NA,NA,NA,NA2008,1,7,1,2002,1955,2101,2055,WN,325,N473WN,59,60,49,6,7,SJC,BUR,296,2,8,0,,0,NA,NA,NA,NA,NA2008,1,7,1,806,750,905,850,WN,363,N339SW,59,60,43,15,16,SJC,BUR,296,4,12,0,,0,0,0,0,0,152008,1,7,1,1516,1510,1616,1610,WN,504,N678AA,60,60,46,6,6,SJC,BUR,296,6,8,0,,0,NA,NA,NA,NA,NA2008,1,7,1,2054,2055,2149,2155,WN,579,N445WN,55,60,45,-6,-1,SJC,BUR,296,2,8,0,,0,NA,NA,NA,NA,NA2008,1,7,1,1010,1005,1106,1105,WN,732,N746SW,56,60,43,1,5,SJC,BUR,296,4,9,0,,0,NA,NA,NA,NA,NA2008,1,7,1,1739,1740,1839,1840,WN,1500,N218WN,60,60,44,-1,-1,SJC,BUR,296,5,11,0,,0,NA,NA,NA,NA,NA2008,1,7,1,836,835,930,935,WN,1776,N432WN,54,60,43,-5,1,SJC,BUR,296,4,7,0,,0,NA,NA,NA,NA,NA2008,1,7,1,1141,1145,1243,1245,WN,2032,N271WN,62,60,44,-2,-4,SJC,BUR,296,5,13,0,,0,NA,NA,NA,NA,NA2008,1,7,1,1411,1410,1516,1510,WN,2383,N204WN,65,60,51,6,1,SJC,BUR,296,3,11,0,,0,NA,NA,NA,NA,NA2008,1,7,1,1105,1105,1200,1205,WN,3946,N474WN,55,60,43,-5,0,SJC,BUR,296,4,8,0,,0,NA,NA,NA,NA,NA2008,1,7,1,929,925,1047,1045,WN,170,N252WN,78,80,62,2,4,SJC,LAS,386,4,12,0,,0,NA,NA,NA,NA,NA2008,1,7,1,1228,1220,1340,1340,WN,396,N785SW,72,80,59,0,8,SJC,LAS,386,5,8,0,,0,NA,NA,NA,NA,NA2008,1,7,1,1049,1045,1157,1205,WN,419,N295WN,68,80,57,-8,4,SJC,LAS,386,4,7,0,,0,NA,NA,NA,NA,NA2008,1,7,1,654,650,803,810,WN,1774,N434WN,69,80,52,-7,4,SJC,LAS,386,4,13,0,,0,NA,NA,NA,NA,NA2008,1,7,1,2125,2125,2233,2245,WN,1858,N275WN,68,80,57,-12,0,SJC,LAS,386,4,7,0,,0,NA,NA,NA,NA,NA2008,1,7,1,1721,1700,1839,1820,WN,2025,N433LV,78,80,62,19,21,SJC,LAS,386,5,11,0,,0,0,0,0,0,192008,1,7,1,1957,1955,2111,2115,WN,2533,N254WN,74,80,58,-4,2,SJC,LAS,386,5,11,0,,0,NA,NA,NA,NA,NA2008,1,7,1,1433,1410,1543,1530,WN,2907,N646SW,70,80,59,13,23,SJC,LAS,386,4,7,0,,0,NA,NA,NA,NA,NA2008,1,7,1,1900,1840,2014,2000,WN,3142,N211WN,74,80,61,14,20,SJC,LAS,386,4,9,0,,0,NA,NA,NA,NA,NA2008,1,7,1,1140,1125,1242,1240,WN,321,N606SW,62,75,47,2,15,SJC,LAX,308,5,10,0,,0,NA,NA,NA,NA,NA2008,1,7,1,1933,1855,2032,2005,WN,361,N713SW,59,70,44,27,38,SJC,LAX,308,5,10,0,,0,0,0,0,0,272008,1,7,1,1010,1010,1119,1125,WN,463,N636WN,69,75,47,-6,0,SJC,LAX,308,11,11,0,,0,NA,NA,NA,NA,NA2008,1,7,1,2157,2130,2301,2240,WN,625,N699SW,64,70,47,21,27,SJC,LAX,308,6,11,0,,0,0,0,0,0,212008,1,7,1,1642,1605,1747,1715,WN,1004,N610WN,65,70,51,32,37,SJC,LAX,308,6,8,0,,0,16,0,0,0,162008,1,7,1,1813,1710,1922,1820,WN,1044,N337SW,69,70,49,62,63,SJC,LAX,308,6,14,0,,0,0,0,0,0,622008,1,7,1,1444,1425,1542,1535,WN,1081,N326SW,58,70,46,7,19,SJC,LAX,308,6,6,0,,0,NA,NA,NA,NA,NA2008,1,7,1,629,630,735,745,WN,1513,N675AA,66,75,46,-10,-1,SJC,LAX,308,7,13,0,,0,NA,NA,NA,NA,NA2008,1,7,1,725,725,831,835,WN,1948,N204WN,66,70,45,-4,0,SJC,LAX,308,8,13,0,,0,NA,NA,NA,NA,NA2008,1,7,1,2036,2040,2146,2150,WN,2285,N311SW,70,70,48,-4,-4,SJC,LAX,308,14,8,0,,0,NA,NA,NA,NA,NA2008,1,7,1,1759,1800,1856,1910,WN,2441,N445WN,57,70,43,-14,-1,SJC,LAX,308,6,8,0,,0,NA,NA,NA,NA,NA2008,1,7,1,1346,1325,1455,1435,WN,2633,N398SW,69,70,50,20,21,SJC,LAX,308,9,10,0,,0,0,0,10,0,102008,1,7,1,1519,1515,1636,1625,WN,3048,N384SW,77,70,54,11,4,SJC,LAX,308,5,18,0,,0,NA,NA,NA,NA,NA2008,1,7,1,859,855,1002,1010,WN,3831,N712SW,63,75,47,-8,4,SJC,LAX,308,6,10,0,,0,NA,NA,NA,NA,NA2008,1,7,1,652,650,1241,1255,WN,2470,N413WN,229,245,217,-14,2,SJC,MDW,1838,6,6,0,,0,NA,NA,NA,NA,NA2008,1,7,1,1405,1345,1948,1950,WN,3063,N551WN,223,245,213,-2,20,SJC,MDW,1838,4,6,0,,0,NA,NA,NA,NA,NA2008,1,7,1,1036,1035,1137,1145,WN,217,N433LV,61,70,50,-8,1,SJC,ONT,333,3,8,0,,0,NA,NA,NA,NA,NA2008,1,7,1,2156,2155,2259,2305,WN,298,N789SW,63,70,51,-6,1,SJC,ONT,333,4,8,0,,0,NA,NA,NA,NA,NA2008,1,7,1,1957,1955,2102,2105,WN,412,N327SW,65,70,55,-3,2,SJC,ONT,333,4,6,0,,0,NA,NA,NA,NA,NA2008,1,7,1,802,740,905,850,WN,773,N329SW,63,70,48,15,22,SJC,ONT,333,5,10,0,,0,7,0,0,0,82008,1,7,1,1614,1610,1719,1720,WN,780,N314SW,65,70,52,-1,4,SJC,ONT,333,3,10,0,,0,NA,NA,NA,NA,NA2008,1,7,1,1909,1835,2009,1945,WN,1276,N725SW,60,70,48,24,34,SJC,ONT,333,4,8,0,,0,0,0,0,0,242008,1,7,1,1235,1235,1334,1345,WN,1322,N626SW,59,70,48,-11,0,SJC,ONT,333,4,7,0,,0,NA,NA,NA,NA,NA2008,1,7,1,910,910,1013,1020,WN,2114,N663SW,63,70,50,-7,0,SJC,ONT,333,4,9,0,,0,NA,NA,NA,NA,NA2008,1,7,1,1342,1345,1443,1455,WN,2558,N335SW,61,70,48,-12,-3,SJC,ONT,333,4,9,0,,0,NA,NA,NA,NA,NA2008,1,7,1,1630,1630,1815,1815,WN,173,N336SW,105,105,93,0,0,SJC,PDX,569,3,9,0,,0,NA,NA,NA,NA,NA2008,1,7,1,2135,2125,2329,2310,WN,343,N674AA,114,105,97,19,10,SJC,PDX,569,3,14,0,,0,5,0,9,0,52008,1,7,1,832,830,1020,1020,WN,3338,N435WN,108,110,93,0,2,SJC,PDX,569,2,13,0,,0,NA,NA,NA,NA,NA2008,1,7,1,1209,1210,1358,1355,WN,3426,N251WN,109,105,94,3,-1,SJC,PDX,569,4,11,0,,0,NA,NA,NA,NA,NA2008,1,7,1,1802,1650,2040,1935,WN,1415,N304SW,98,105,83,65,72,SJC,PHX,621,4,11,0,,0,30,0,0,0,352008,1,7,1,924,915,1238,1200,WN,2474,N490WN,134,105,117,38,9,SJC,PHX,621,7,10,0,,0,4,0,29,0,52008,1,7,1,1326,1300,1559,1545,WN,2725,N622SW,93,105,82,14,26,SJC,PHX,621,4,7,0,,0,NA,NA,NA,NA,NA2008,1,7,1,631,630,923,915,WN,2818,N260WN,112,105,93,8,1,SJC,PHX,621,9,10,0,,0,NA,NA,NA,NA,NA2008,1,7,1,1835,1825,2113,2115,WN,3236,N781WN,98,110,82,-2,10,SJC,PHX,621,8,8,0,,0,NA,NA,NA,NA,NA2008,1,7,1,2133,2120,26,5,WN,3344,N736SA,113,105,92,21,13,SJC,PHX,621,4,17,0,,0,0,0,8,0,132008,1,7,1,934,930,1028,1025,WN,324,N715SW,54,55,39,3,4,SJC,RNO,188,5,10,0,,0,NA,NA,NA,NA,NA2008,1,7,1,2209,2035,2303,2130,WN,1209,N301SW,54,55,37,93,94,SJC,RNO,188,4,13,0,,0,1,0,0,0,922008,1,7,1,1646,1645,1734,1740,WN,2645,N335SW,48,55,37,-6,1,SJC,RNO,188,4,7,0,,0,NA,NA,NA,NA,NA2008,1,7,1,1138,1125,1234,1220,WN,2969,N631SW,56,55,41,14,13,SJC,RNO,188,6,9,0,,0,NA,NA,NA,NA,NA2008,1,7,1,1024,1025,1131,1140,WN,98,N315SW,67,75,58,-9,-1,SJC,SAN,417,2,7,0,,0,NA,NA,NA,NA,NA2008,1,7,1,2128,2115,2234,2230,WN,390,N673AA,66,75,56,4,13,SJC,SAN,417,3,7,0,,0,NA,NA,NA,NA,NA2008,1,7,1,1923,1925,2029,2045,WN,532,N450WN,66,80,56,-16,-2,SJC,SAN,417,2,8,0,,0,NA,NA,NA,NA,NA2008,1,7,1,1348,1320,1457,1435,WN,580,N627SW,69,75,58,22,28,SJC,SAN,417,2,9,0,,0,16,0,0,0,62008,1,7,1,1802,1805,1910,1925,WN,722,N764SW,68,80,57,-15,-3,SJC,SAN,417,3,8,0,,0,NA,NA,NA,NA,NA2008,1,7,1,2001,2005,2113,2120,WN,943,N334SW,72,75,61,-7,-4,SJC,SAN,417,3,8,0,,0,NA,NA,NA,NA,NA2008,1,7,1,804,750,916,905,WN,2203,N615SW,72,75,60,11,14,SJC,SAN,417,2,10,0,,0,NA,NA,NA,NA,NA2008,1,7,1,1647,1535,1759,1650,WN,2268,N637SW,72,75,60,69,72,SJC,SAN,417,2,10,0,,0,4,0,0,0,652008,1,7,1,1202,1125,1316,1240,WN,2878,N338SW,74,75,62,36,37,SJC,SAN,417,3,9,0,,0,0,0,0,0,362008,1,7,1,634,635,741,750,WN,2992,N444WN,67,75,54,-9,-1,SJC,SAN,417,2,11,0,,0,NA,NA,NA,NA,NA2008,1,7,1,804,755,1016,1005,WN,152,N323SW,132,130,115,11,9,SJC,SEA,697,5,12,0,,0,NA,NA,NA,NA,NA2008,1,7,1,1301,1300,1505,1510,WN,635,N764SW,124,130,113,-5,1,SJC,SEA,697,4,7,0,,0,NA,NA,NA,NA,NA2008,1,7,1,1836,1830,2048,2040,WN,1600,N347SW,132,130,120,8,6,SJC,SEA,697,3,9,0,,0,NA,NA,NA,NA,NA2008,1,7,1,1451,1450,1655,1700,WN,2965,N305SW,124,130,109,-5,1,SJC,SEA,697,4,11,0,,0,NA,NA,NA,NA,NA2008,1,7,1,1953,1950,2103,2105,WN,279,N799SW,70,75,55,-2,3,SJC,SNA,342,6,9,0,,0,NA,NA,NA,NA,NA2008,1,7,1,659,700,812,815,WN,305,N257WN,73,75,53,-3,-1,SJC,SNA,342,7,13,0,,0,NA,NA,NA,NA,NA2008,1,7,1,1136,1135,1244,1250,WN,786,N718SW,68,75,56,-6,1,SJC,SNA,342,4,8,0,,0,NA,NA,NA,NA,NA2008,1,7,1,2036,2040,2145,2155,WN,824,N266WN,69,75,53,-10,-4,SJC,SNA,342,6,10,0,,0,NA,NA,NA,NA,NA2008,1,7,1,1335,1340,1445,1455,WN,1002,N292WN,70,75,55,-10,-5,SJC,SNA,342,4,11,0,,0,NA,NA,NA,NA,NA2008,1,7,1,1539,1545,1646,1700,WN,2028,N749SW,67,75,54,-14,-6,SJC,SNA,342,4,9,0,,0,NA,NA,NA,NA,NA2008,1,7,1,NA,925,NA,1040,WN,2648,,NA,75,NA,NA,NA,SJC,SNA,342,NA,NA,1,A,0,NA,NA,NA,NA,NA2008,1,7,1,1746,1740,1859,1855,WN,3411,N790SW,73,75,54,4,6,SJC,SNA,342,7,12,0,,0,NA,NA,NA,NA,NA2008,1,7,1,1543,1520,1712,1650,WN,2969,N631SW,89,90,77,22,23,SLC,ABQ,493,4,8,0,,0,9,0,0,0,132008,1,7,1,907,855,1028,1025,WN,3234,N469WN,81,90,66,3,12,SLC,ABQ,493,4,11,0,,0,NA,NA,NA,NA,NA2008,1,7,1,1700,1625,1810,1730,WN,1022,N673AA,70,65,51,40,35,SLC,BOI,291,3,16,0,,0,0,0,5,0,352008,1,7,1,1030,1030,1141,1140,WN,1041,N466WN,71,70,54,1,0,SLC,BOI,291,2,15,0,,0,NA,NA,NA,NA,NA2008,1,7,1,2056,1935,2157,2045,WN,1662,N490WN,61,70,50,72,81,SLC,BOI,291,3,8,0,,0,0,0,0,0,722008,1,7,1,1358,1325,1957,1925,WN,1678,N325SW,239,240,224,32,33,SLC,BWI,1864,2,13,0,,0,13,0,0,0,192008,1,7,1,2041,2040,2154,2205,WN,410,N470WN,73,85,57,-11,1,SLC,DEN,391,7,9,0,,0,NA,NA,NA,NA,NA2008,1,7,1,648,645,819,810,WN,557,N902WN,91,85,58,9,3,SLC,DEN,391,6,27,0,,0,NA,NA,NA,NA,NA2008,1,7,1,1007,1010,1135,1140,WN,720,N215WN,88,90,57,-5,-3,SLC,DEN,391,6,25,0,,0,NA,NA,NA,NA,NA2008,1,7,1,1358,1355,1508,1515,WN,963,N605SW,70,80,57,-7,3,SLC,DEN,391,3,10,0,,0,NA,NA,NA,NA,NA2008,1,7,1,1842,1845,1954,2010,WN,1585,N258WN,72,85,57,-16,-3,SLC,DEN,391,8,7,0,,0,NA,NA,NA,NA,NA2008,1,7,1,1230,1220,1311,1305,WN,151,N457WN,101,105,87,6,10,SLC,GEG,546,3,11,0,,0,NA,NA,NA,NA,NA2008,1,7,1,1021,1015,1036,1040,WN,43,N763SW,75,85,58,-4,6,SLC,LAS,368,7,10,0,,0,NA,NA,NA,NA,NA2008,1,7,1,2040,2045,2051,2105,WN,159,N370SW,71,80,57,-14,-5,SLC,LAS,368,3,11,0,,0,NA,NA,NA,NA,NA2008,1,7,1,618,615,642,635,WN,243,N728SW,84,80,57,7,3,SLC,LAS,368,6,21,0,,0,NA,NA,NA,NA,NA2008,1,7,1,1855,1855,1907,1915,WN,400,N275WN,72,80,60,-8,0,SLC,LAS,368,4,8,0,,0,NA,NA,NA,NA,NA2008,1,7,1,1354,1300,1405,1320,WN,584,N656SW,71,80,57,45,54,SLC,LAS,368,6,8,0,,0,12,0,0,0,332008,1,7,1,1657,1640,1708,1700,WN,641,N653SW,71,80,54,8,17,SLC,LAS,368,4,13,0,,0,NA,NA,NA,NA,NA2008,1,7,1,1536,1430,1555,1450,WN,783,N337SW,79,80,56,65,66,SLC,LAS,368,7,16,0,,0,3,0,0,0,622008,1,7,1,757,750,819,810,WN,790,N410WN,82,80,59,9,7,SLC,LAS,368,8,15,0,,0,NA,NA,NA,NA,NA2008,1,7,1,804,805,850,905,WN,1036,N476WN,106,120,86,-15,-1,SLC,LAX,590,5,15,0,,0,NA,NA,NA,NA,NA2008,1,7,1,1358,1355,1437,1455,WN,1756,N283WN,99,120,85,-18,3,SLC,LAX,590,7,7,0,,0,NA,NA,NA,NA,NA2008,1,7,1,1710,1710,1801,1810,WN,2377,N615SW,111,120,92,-9,0,SLC,LAX,590,8,11,0,,0,NA,NA,NA,NA,NA2008,1,7,1,1011,1010,1103,1110,WN,2549,N436WN,112,120,87,-7,1,SLC,LAX,590,7,18,0,,0,NA,NA,NA,NA,NA2008,1,7,1,1953,1955,2037,2050,WN,2986,N622SW,104,115,89,-13,-2,SLC,LAX,590,6,9,0,,0,NA,NA,NA,NA,NA2008,1,7,1,1642,1625,2040,2025,WN,337,N268WN,178,180,158,15,17,SLC,MDW,1258,6,14,0,,0,3,0,0,0,122008,1,7,1,843,830,1228,1230,WN,401,N431WN,165,180,151,-2,13,SLC,MDW,1258,5,9,0,,0,NA,NA,NA,NA,NA2008,1,7,1,1427,1415,1520,1515,WN,130,N349SW,113,120,99,5,12,SLC,OAK,588,6,8,0,,0,NA,NA,NA,NA,NA2008,1,7,1,1726,1725,1824,1825,WN,901,N655WN,118,120,102,-1,1,SLC,OAK,588,6,10,0,,0,NA,NA,NA,NA,NA2008,1,7,1,1102,1055,1158,1155,WN,2527,N618WN,116,120,101,3,7,SLC,OAK,588,4,11,0,,0,NA,NA,NA,NA,NA2008,1,7,1,637,635,742,740,WN,3245,N253WN,125,125,97,2,2,SLC,OAK,588,5,23,0,,0,NA,NA,NA,NA,NA2008,1,7,1,2010,2015,2058,2120,WN,3743,N496WN,108,125,88,-22,-5,SLC,OAK,588,5,15,0,,0,NA,NA,NA,NA,NA2008,1,7,1,840,840,930,945,WN,622,N779SW,110,125,98,-15,0,SLC,PDX,630,2,10,0,,0,NA,NA,NA,NA,NA2008,1,7,1,1812,1815,1905,1915,WN,1852,N743SW,113,120,101,-10,-3,SLC,PDX,630,4,8,0,,0,NA,NA,NA,NA,NA2008,1,7,1,1224,1205,1321,1310,WN,3141,N256WN,117,125,98,11,19,SLC,PDX,630,4,15,0,,0,NA,NA,NA,NA,NA2008,1,7,1,1429,1345,1554,1520,WN,508,N477WN,85,95,72,34,44,SLC,PHX,507,5,8,0,,0,3,0,0,0,312008,1,7,1,832,830,1015,1010,WN,769,N622SW,103,100,83,5,2,SLC,PHX,507,9,11,0,,0,NA,NA,NA,NA,NA2008,1,7,1,1548,1515,1715,1650,WN,966,N354SW,87,95,69,25,33,SLC,PHX,507,5,13,0,,0,0,0,0,0,252008,1,7,1,1754,1725,1924,1905,WN,1214,N482WN,90,100,75,19,29,SLC,PHX,507,5,10,0,,0,0,0,0,0,192008,1,7,1,2151,2130,2319,2305,WN,1747,N640SW,88,95,70,14,21,SLC,PHX,507,4,14,0,,0,NA,NA,NA,NA,NA2008,1,7,1,1119,1115,1304,1255,WN,2360,N370SW,105,100,87,9,4,SLC,PHX,507,7,11,0,,0,NA,NA,NA,NA,NA2008,1,7,1,1940,1940,2107,2115,WN,2369,N453WN,87,95,71,-8,0,SLC,PHX,507,6,10,0,,0,NA,NA,NA,NA,NA2008,1,7,1,639,635,828,815,WN,3949,N693SW,109,100,76,13,4,SLC,PHX,507,6,27,0,,0,NA,NA,NA,NA,NA2008,1,7,1,1116,1120,1139,1150,WN,1002,N292WN,83,90,64,-11,-4,SLC,RNO,422,4,15,0,,0,NA,NA,NA,NA,NA2008,1,7,1,627,625,743,745,WN,296,N788SA,136,140,104,-2,2,SLC,SEA,689,5,27,0,,0,NA,NA,NA,NA,NA2008,1,7,1,1115,1115,1225,1230,WN,643,N784SW,130,135,111,-5,0,SLC,SEA,689,6,13,0,,0,NA,NA,NA,NA,NA2008,1,7,1,1713,1645,1828,1755,WN,1660,N640SW,135,130,118,33,28,SLC,SEA,689,3,14,0,,0,0,0,5,0,282008,1,7,1,1138,1130,1515,1515,WN,70,N788SA,157,165,137,0,8,SLC,STL,1156,5,15,0,,0,NA,NA,NA,NA,NA2008,1,7,1,1607,1605,1934,1950,WN,125,N404WN,147,165,138,-16,2,SLC,STL,1156,3,6,0,,0,NA,NA,NA,NA,NA2008,1,7,1,908,910,1013,1020,WN,474,N251WN,65,70,52,-7,-2,SMF,BUR,358,4,9,0,,0,NA,NA,NA,NA,NA2008,1,7,1,NA,1810,NA,1920,WN,740,,NA,70,NA,NA,NA,SMF,BUR,358,NA,NA,1,A,0,NA,NA,NA,NA,NA2008,1,7,1,630,630,735,740,WN,778,N692SW,65,70,50,-5,0,SMF,BUR,358,5,10,0,,0,NA,NA,NA,NA,NA2008,1,7,1,1400,1350,1506,1500,WN,1045,N327SW,66,70,52,6,10,SMF,BUR,358,5,9,0,,0,NA,NA,NA,NA,NA2008,1,7,1,NA,1225,NA,1335,WN,1120,,NA,70,NA,NA,NA,SMF,BUR,358,NA,NA,1,A,0,NA,NA,NA,NA,NA2008,1,7,1,1637,1545,1743,1650,WN,1252,N656SW,66,65,56,53,52,SMF,BUR,358,5,5,0,,0,8,0,1,0,442008,1,7,1,757,755,900,905,WN,1321,N305SW,63,70,50,-5,2,SMF,BUR,358,1,12,0,,0,NA,NA,NA,NA,NA2008,1,7,1,1043,1045,1148,1155,WN,1573,N640SW,65,70,52,-7,-2,SMF,BUR,358,3,10,0,,0,NA,NA,NA,NA,NA2008,1,7,1,2044,2045,2146,2155,WN,1853,N315SW,62,70,52,-9,-1,SMF,BUR,358,3,7,0,,0,NA,NA,NA,NA,NA2008,1,7,1,1615,1615,1720,1720,WN,2457,N430WN,65,65,50,0,0,SMF,BUR,358,5,10,0,,0,NA,NA,NA,NA,NA2008,1,7,1,1936,1935,2035,2045,WN,2540,N417WN,59,70,50,-10,1,SMF,BUR,358,3,6,0,,0,NA,NA,NA,NA,NA2008,1,7,1,839,840,1004,1000,WN,157,N437WN,85,80,55,4,-1,SMF,LAS,397,6,24,0,,0,NA,NA,NA,NA,NA2008,1,7,1,2108,2110,2220,2230,WN,446,N369SW,72,80,59,-10,-2,SMF,LAS,397,4,9,0,,0,NA,NA,NA,NA,NA2008,1,7,1,1924,1920,2040,2035,WN,728,N653SW,76,75,60,5,4,SMF,LAS,397,3,13,0,,0,NA,NA,NA,NA,NA2008,1,7,1,1830,1810,1943,1925,WN,908,N695SW,73,75,58,18,20,SMF,LAS,397,6,9,0,,0,0,0,0,0,182008,1,7,1,1357,1335,1503,1455,WN,1050,N443WN,66,80,55,8,22,SMF,LAS,397,5,6,0,,0,NA,NA,NA,NA,NA2008,1,7,1,1528,1520,1638,1635,WN,2192,N332SW,70,75,57,3,8,SMF,LAS,397,6,7,0,,0,NA,NA,NA,NA,NA2008,1,7,1,602,600,707,720,WN,2906,N400WN,65,80,53,-13,2,SMF,LAS,397,3,9,0,,0,NA,NA,NA,NA,NA2008,1,7,1,1119,1120,1231,1235,WN,3232,N472WN,72,75,58,-4,-1,SMF,LAS,397,6,8,0,,0,NA,NA,NA,NA,NA2008,1,7,1,1516,1510,1627,1630,WN,71,N378SW,71,80,58,-3,6,SMF,LAX,373,6,7,0,,0,NA,NA,NA,NA,NA2008,1,7,1,NA,1310,NA,1430,WN,73,,NA,80,NA,NA,NA,SMF,LAX,373,NA,NA,1,A,0,NA,NA,NA,NA,NA2008,1,7,1,618,620,728,740,WN,133,N294WN,70,80,55,-12,-2,SMF,LAX,373,6,9,0,,0,NA,NA,NA,NA,NA2008,1,7,1,1142,1135,1251,1255,WN,330,N499WN,69,80,52,-4,7,SMF,LAX,373,5,12,0,,0,NA,NA,NA,NA,NA2008,1,7,1,1819,1720,1938,1840,WN,386,N272WN,79,80,53,58,59,SMF,LAX,373,9,17,0,,0,3,0,0,0,552008,1,7,1,947,940,1105,1100,WN,1668,N250WN,78,80,57,5,7,SMF,LAX,373,5,16,0,,0,NA,NA,NA,NA,NA2008,1,7,1,1917,1915,2025,2035,WN,2202,N749SW,68,80,54,-10,2,SMF,LAX,373,7,7,0,,0,NA,NA,NA,NA,NA2008,1,7,1,809,800,922,920,WN,2635,N685SW,73,80,56,2,9,SMF,LAX,373,9,8,0,,0,NA,NA,NA,NA,NA2008,1,7,1,2134,2115,2244,2235,WN,2815,N354SW,70,80,55,9,19,SMF,LAX,373,5,10,0,,0,NA,NA,NA,NA,NA2008,1,7,1,1613,1610,1722,1730,WN,3588,N409WN,69,80,54,-8,3,SMF,LAX,373,8,7,0,,0,NA,NA,NA,NA,NA2008,1,7,1,702,705,1206,1220,WN,1949,N603SW,184,195,172,-14,-3,SMF,MCI,1442,4,8,0,,0,NA,NA,NA,NA,NA2008,1,7,1,641,640,1220,1235,WN,234,N465WN,219,235,202,-15,1,SMF,MDW,1790,4,13,0,,0,NA,NA,NA,NA,NA2008,1,7,1,1337,1330,1913,1925,WN,567,N705SW,216,235,201,-12,7,SMF,MDW,1790,8,7,0,,0,NA,NA,NA,NA,NA2008,1,7,1,829,825,937,940,WN,498,N367SW,68,75,54,-3,4,SMF,ONT,389,4,10,0,,0,NA,NA,NA,NA,NA2008,1,7,1,944,945,1048,1100,WN,627,N355SW,64,75,54,-12,-1,SMF,ONT,389,3,7,0,,0,NA,NA,NA,NA,NA2008,1,7,1,2135,2125,2245,2240,WN,633,N661SW,70,75,59,5,10,SMF,ONT,389,4,7,0,,0,NA,NA,NA,NA,NA2008,1,7,1,1308,1310,1412,1425,WN,1424,N601WN,64,75,55,-13,-2,SMF,ONT,389,3,6,0,,0,NA,NA,NA,NA,NA2008,1,7,1,NA,1105,NA,1220,WN,1495,,NA,75,NA,NA,NA,SMF,ONT,389,NA,NA,1,A,0,NA,NA,NA,NA,NA2008,1,7,1,1548,1550,1659,1705,WN,1496,N626SW,71,75,58,-6,-2,SMF,ONT,389,3,10,0,,0,NA,NA,NA,NA,NA2008,1,7,1,1203,1200,1310,1315,WN,2385,N678AA,67,75,53,-5,3,SMF,ONT,389,4,10,0,,0,NA,NA,NA,NA,NA2008,1,7,1,2003,1940,2120,2055,WN,2458,N395SW,77,75,53,25,23,SMF,ONT,389,14,10,0,,0,0,0,2,0,232008,1,7,1,2022,2025,2141,2140,WN,2807,N336SW,79,75,53,1,-3,SMF,ONT,389,18,8,0,,0,NA,NA,NA,NA,NA2008,1,7,1,717,715,825,830,WN,3515,N299WN,68,75,55,-5,2,SMF,ONT,389,5,8,0,,0,NA,NA,NA,NA,NA2008,1,7,1,1709,1710,1817,1825,WN,3659,N345SA,68,75,56,-8,-1,SMF,ONT,389,5,7,0,,0,NA,NA,NA,NA,NA